85 0.000269
84 0.000315
83 0.000311
82 0.000293
81 0.000281
80 0.000252
79 0.000179
78 0.000204
77 0.000222
76 0.00022
75 0.000219
74 0.00022
73 0.000219
72 0.000221
71 0.000222
70 0.000221
69 0.000221
68 0.000221
67 0.000221
66 0.000215
65 0.000198
64 0.000198
63 0.000198
62 0.00035
61 0.000224
60 0.000258
59 0.000281
58 0.000294
57 0.000315
56 0.000325
55 0.000355
54 0.000864
53 0.000995
52 0.00448
51 0.004731
50 0.00489
49 0.005469
48 0.005692
47 0.006313
46 0.008335
45 0.006295
44 0.006327
43 0.006927
42 0.007046
41 0.007176
40 0.008499
39 0.016881
38 0.02418
37 0.031505
36 0.036405
35 0.044628
34 0.052011
33 1.31049
32 1.45655
31 1.62221
30 4.32926
29 6.55001
28 8.90847
27 11.716
26 13.8291
25 18.1161
