85 2
84 2
83 2
82 2
81 2
80 2
79 2
78 2
77 2
76 2
75 2
74 2
73 2
72 2
71 62
70 62
69 62
68 62
67 62
66 62
65 62
64 62
63 62
62 62
61 62
60 62
59 62
58 62
57 62
56 62
55 62
54 62
53 62
52 62
51 62
50 62
49 62
48 62
47 62
46 62
45 62
44 62
43 62
42 62
41 64
40 65
39 66
38 67
37 68
36 69
35 70
34 71
33 206
32 203
31 266
30 2681
29 4442
28 6626
27 8877
26 11232
25 13620
24 78834
23 138820
22 278132
21 356708
20 438202
19 949585
18 939042
17 1019527
16 1103064
15 1189731
14 1279607
13 1372772
12 39897789
