999 0.008385
998 0.008292
997 0.007882
996 0.007874
995 0.007975
994 0.008074
993 0.007946
992 0.007939
991 0.007988
990 0.007911
989 0.008016
988 0.007901
987 0.007883
986 0.007904
985 0.007872
984 0.007873
983 0.008469
982 0.00831
981 0.007939
980 0.007997
979 0.007905
978 0.008039
977 0.00795
976 0.007971
975 0.007877
974 0.007966
973 0.007885
972 0.008116
971 0.007897                                                                                                                                                                                                          
970 0.007919                                                                                                                                                                                                          
969 0.007886                                                                                                                                                                                                          
968 0.007887                                                                                                                                                                                                          
967 0.007889                                                                                                                                                                                                          
966 0.008052                                                                                                                                                                                                          
965 0.007931                                                                                                                                                                                                          
964 0.007898                                                                                                                                                                                                          
963 0.00791                                                                                                                                                                                                           
962 0.007905                                                                                                                                                                                                          
961 0.00792                                                                                                                                                                                                           
960 0.008032                                                                                                                                                                                                          
959 0.007909                                                                                                                                                                                                          
958 0.00787                                                                                                                                                                                                           
957 0.007895                                                                                                                                                                                                          
956 0.007887                                                                                                                                                                                                          
955 0.00786                                                                                                                                                                                                           
954 0.008012                                                                                                                                                                                                          
953 0.007989                                                                                                                                                                                                          
952 0.007881
951 0.007895
950 0.007893
949 0.007911
948 0.008497
947 0.008004
946 0.007896
945 0.007991
944 0.007887
943 0.007905
942 0.008533
941 0.008218
940 0.007897
939 0.007906
938 0.007903
937 0.007914
936 0.008495
935 0.008015
934 0.007894
933 0.00791
932 0.007915
931 0.007881
930 0.008543
929 0.00819
928 0.007904
927 0.007901
926 0.007896
925 0.007887
924 0.008506
923 0.008024
922 0.007908
921 0.00821
920 0.008534
919 0.008447
918 0.00849
917 0.00795
916 0.008076
915 0.007893
914 0.00801
913 0.008426
912 0.00857
911 0.008372
910 0.007993
909 0.007895
908 0.008045
907 0.008451
906 0.007982
905 0.007892
904 0.007928
903 0.007913
902 0.008412
901 0.008245
900 0.007995
899 0.007908
898 0.007903
897 0.007919
896 0.008458
895 0.008022
894 0.007875
893 0.007919
892 0.007885
891 0.007882
890 0.008513
889 0.008247
888 0.007927
887 0.007931
886 0.007897
885 0.007897
884 0.00853
883 0.007988
882 0.008007
881 0.007912
880 0.007888
879 0.007869
878 0.008502
877 0.008218
876 0.007917
875 0.007943
874 0.007886
873 0.007887
872 0.008452
871 0.007985
870 0.007879
869 0.007889
868 0.007893
867 0.007887
866 0.00849
865 0.008202
864 0.007923
863 0.007906
862 0.007905
861 0.007876
860 0.008447
859 0.008419
858 0.008511
857 0.008101
856 0.008031
855 0.008077
854 0.008456
853 0.008041
852 0.007909
851 0.007972
850 0.007886
849 0.008423
848 0.008273
847 0.007966
846 0.007947
845 0.00789
844 0.007957
843 0.008442
842 0.007976
841 0.007901
840 0.007914
839 0.00788
838 0.008361
837 0.008269
836 0.007974
835 0.007915
834 0.007944
833 0.007972
832 0.008454
831 0.007968
830 0.007904
829 0.007926
828 0.007897
827 0.008356
826 0.008297
825 0.007994
824 0.007872
823 0.007934
822 0.008019
821 0.008468
820 0.007975
819 0.007945
818 0.007928
817 0.007907
816 0.00836
815 0.008296
814 0.007975
813 0.007903
812 0.007922
811 0.007946
810 0.008461
809 0.008017
808 0.007913
807 0.00794
806 0.007863
805 0.008331
804 0.008292
803 0.007976
802 0.007881
801 0.007919
800 0.007962
799 0.008456
798 0.00808
797 0.008457
796 0.008203
795 0.008013
794 0.008491
793 0.00802
792 0.008174
791 0.008379
790 0.008084
789 0.008122
788 0.008574
787 0.008047
786 0.007928
785 0.008
784 0.007943
783 0.008765
782 0.008051
781 0.007977
780 0.007973
779 0.007887
778 0.007894
777 0.008543
776 0.008132
775 0.007902
774 0.007924
773 0.007894
772 0.00788
771 0.008494
770 0.008011
769 0.007896
768 0.007912
767 0.007888
766 0.007908
765 0.008519
764 0.008171
763 0.007894
762 0.007894
761 0.007926
760 0.007949
759 0.008468
758 0.007977
757 0.007905
756 0.007881
755 0.007916
754 0.007893
753 0.008493
752 0.008186
751 0.00789
750 0.007911
749 0.007891
748 0.007882
747 0.008464
746 0.008019
745 0.007924
744 0.007965
743 0.007879
742 0.007913
741 0.008497
740 0.008184
739 0.007921
738 0.007896
737 0.007875
736 0.008102
735 0.008637
734 0.008458
733 0.008238
732 0.008135
731 0.00798
730 0.007883
729 0.008341
728 0.008263
727 0.007979
726 0.008196
725 0.008346
724 0.008184
723 0.008539
722 0.007994
721 0.007881
720 0.007921
719 0.007919
718 0.008426
717 0.00823
716 0.00796
715 0.007939
714 0.007977
713 0.007934
712 0.008448
711 0.00797
710 0.00789
709 0.007898
708 0.007895
707 0.008335
706 0.0083
705 0.008007
704 0.007891
703 0.007901
702 0.007945
701 0.008454
700 0.007976
699 0.007935
698 0.007921
697 0.007889
696 0.008342
695 0.008291
694 0.007971
693 0.007881
692 0.007905
691 0.007959
690 0.008465
689 0.008012
688 0.007892
687 0.007914
686 0.007863
685 0.007893
684 0.00851
683 0.008259
682 0.007925
681 0.007908
680 0.007907
679 0.007865
678 0.008492
677 0.008002
676 0.007897
675 0.007932
674 0.008269
673 0.008661
672 0.008523
671 0.008367
670 0.008367
669 0.00802
668 0.007928
667 0.008447
666 0.00831
665 0.008002
664 0.007971
663 0.007935
662 0.007959
661 0.008505
660 0.008012
659 0.007909
658 0.007898
657 0.007916
656 0.008335
655 0.008253
654 0.007969
653 0.00795
652 0.007913
651 0.007948
650 0.008475
649 0.007978
648 0.007896
647 0.007928
646 0.007901
645 0.008368
644 0.008259
643 0.007966
642 0.007926
641 0.007912
640 0.007937
639 0.00846
638 0.008016
637 0.007963
636 0.007924
635 0.007965
634 0.007868
633 0.008509
632 0.008157
631 0.007888
630 0.007906
629 0.007874
628 0.007885
627 0.008465
626 0.008012
625 0.007893
624 0.007929
623 0.007945
622 0.007909
621 0.008509
620 0.008182
619 0.007932
618 0.007909
617 0.007902
616 0.007865
615 0.008465
614 0.007986
613 0.007876
612 0.008462
611 0.008266
610 0.008056
609 0.008604
608 0.008143
607 0.007871
606 0.007964
605 0.00789
604 0.008416
603 0.008248
602 0.008055
601 0.007925
600 0.00793
599 0.008029
598 0.008456
597 0.00797
596 0.007881
595 0.007975
594 0.007897
593 0.008361
592 0.008274
591 0.00799
590 0.007913
589 0.007936
588 0.007941
587 0.008578
586 0.007959
585 0.007906
584 0.007903
583 0.007873
582 0.008343
581 0.008268
580 0.00801
579 0.007878
578 0.007932
577 0.007936
576 0.00844
575 0.008025
574 0.007917
573 0.007909
572 0.007906
571 0.008322
570 0.008304
569 0.007967
568 0.007897
567 0.00791
566 0.007936
565 0.008451
564 0.008004
563 0.00789
562 0.00796
561 0.007901
560 0.007884
559 0.008514
558 0.00817
557 0.007888
556 0.007929
555 0.007924
554 0.007898
553 0.008468
552 0.008007
551 0.00797
550 0.008509
549 0.008161
548 0.008124
547 0.008459
546 0.008023
545 0.007898
544 0.007965
543 0.00791
542 0.00842
541 0.008294
540 0.008013
539 0.007903
538 0.007961
537 0.008015
536 0.008484
535 0.008026
534 0.007917
533 0.007978
532 0.007901
531 0.008337
530 0.00831
529 0.007997
528 0.007895
527 0.007917
526 0.007964
525 0.008443
524 0.008009
523 0.007908
522 0.007923
521 0.007883
520 0.008361
519 0.008287
518 0.007959
517 0.007897
516 0.00793
515 0.007951
514 0.00845
513 0.00802
512 0.007895
511 0.007937
510 0.007905
509 0.008366
508 0.008262
507 0.007975
506 0.007896
505 0.00793
504 0.007954
503 0.008439
502 0.007967
501 0.007885
500 0.007909
499 0.007914
498 0.007892
497 0.008506
496 0.008189
495 0.007929
494 0.007911
493 0.007872
492 0.007879
491 0.008467
490 0.007967
489 0.008112
488 0.008541
487 0.008091
486 0.008107
485 0.008453
484 0.008044
483 0.007918
482 0.007941
481 0.007893
480 0.008405
479 0.008278
478 0.008017
477 0.007885
476 0.007997
475 0.007982
474 0.008456
473 0.008015
472 0.007893
471 0.007915
470 0.007893
469 0.008349
468 0.008283
467 0.007998
466 0.007886
465 0.007915
464 0.007933
463 0.008456
462 0.007986
461 0.007987
460 0.007909
459 0.007887
458 0.008366
457 0.008256
456 0.007961
455 0.007911
454 0.007916
453 0.007935
452 0.00848
451 0.008067
450 0.007928
449 0.007962
448 0.007909
447 0.007901
446 0.008516
445 0.008149
444 0.007895
443 0.007901
442 0.007925
441 0.007892
440 0.008467
439 0.007986
438 0.007927
437 0.007944
436 0.007932
435 0.007912
434 0.008515
433 0.008141
432 0.0079
431 0.007913
430 0.0079
429 0.00789
428 0.008493
427 0.008269
426 0.008538
425 0.008114
424 0.00802
423 0.008095
422 0.00849
421 0.00799
420 0.007974
419 0.007924
418 0.007964
417 0.008444
416 0.008303
415 0.007963
414 0.007987
413 0.007908
412 0.007893
411 0.008457
410 0.007998
409 0.007887
408 0.007924
407 0.008014
406 0.007918
405 0.0085
404 0.008121
403 0.007913
402 0.00792
401 0.007947
400 0.007882
399 0.008467
398 0.007979
397 0.007924
396 0.007905
395 0.007892
394 0.007904
393 0.008512
392 0.008187
391 0.007926
390 0.007942
389 0.007897
388 0.007925
387 0.008519
386 0.00803
385 0.007896
384 0.007913
383 0.007876
382 0.007886
381 0.008502
380 0.00817
379 0.007917
378 0.007946
377 0.007906
376 0.007909
375 0.008487
374 0.008019
373 0.007891
372 0.007919
371 0.007872
370 0.007862
369 0.008501
368 0.008191
367 0.007929
366 0.007919
365 0.008269
364 0.008702
363 0.00848
362 0.008109
361 0.007915
360 0.008007
359 0.007917
358 0.008462
357 0.008228
356 0.008281
355 0.008381
354 0.008196
353 0.008055
352 0.008417
351 0.008018
350 0.007907
349 0.007904
348 0.007897
347 0.008412
346 0.00828
345 0.007933
344 0.007934
343 0.007923
342 0.007946
341 0.008432
340 0.007979
339 0.00789
338 0.007886
337 0.007909
336 0.007882
335 0.008492
334 0.008181
333 0.007912
332 0.007895
331 0.007921
330 0.007869
329 0.008476
328 0.008035
327 0.007927
326 0.007894
325 0.007892
324 0.007889
323 0.008519
322 0.00815
321 0.007929
320 0.007891
319 0.007918
318 0.007891
317 0.00859
316 0.008177
315 0.007954
314 0.007931
313 0.007901
312 0.00795
311 0.008511
310 0.008131
309 0.007927
308 0.007902
307 0.00787
306 0.007891
305 0.008463
304 0.008018
303 0.008464
302 0.008242
301 0.008028
300 0.008089
299 0.008532
298 0.008201
297 0.008106
296 0.00801
295 0.008048
294 0.008489
293 0.008327
292 0.007931
291 0.007951
290 0.00801
289 0.007963
288 0.008468
287 0.008061
286 0.008005
285 0.007926
284 0.007893
283 0.008347
282 0.008293
281 0.007999
280 0.00791
279 0.007927
278 0.00795
277 0.008444
276 0.00803
275 0.00788
274 0.007929
273 0.007904
272 0.008394
271 0.008282
270 0.007971
269 0.007908
268 0.007903
267 0.007947
266 0.008482
265 0.008004
264 0.007917
263 0.007927
262 0.007895
261 0.007905
260 0.008508
259 0.008185
258 0.007901
257 0.007932
256 0.007884
255 0.007881
254 0.008475
253 0.007982
252 0.007943
251 0.007932
250 0.007921
249 0.007894
248 0.008506
247 0.008157
246 0.00789
245 0.007918
244 0.007886
243 0.007896
242 0.008599
241 0.008559
240 0.008203
239 0.008158
238 0.007985
237 0.008081
236 0.008415
235 0.008
234 0.007887
233 0.007973
232 0.007907
231 0.00844
230 0.00827
229 0.007947
228 0.00793
227 0.00789
226 0.007977
225 0.008439
224 0.008064
223 0.007913
222 0.007926
221 0.007916
220 0.00792
219 0.008535
218 0.00813
217 0.0079
216 0.007929
215 0.007891
214 0.007908
213 0.008495
212 0.008012
211 0.007885
210 0.007927
209 0.007907
208 0.007869
207 0.008494
206 0.0082
205 0.007902
204 0.008002
203 0.007913
202 0.007902
201 0.008472
200 0.007993
199 0.007884
198 0.007926
197 0.007907
196 0.007894
195 0.008525
194 0.008176
193 0.00789
192 0.007899
191 0.007913
190 0.007882
189 0.00853
188 0.007984
187 0.007936
186 0.007917
185 0.007892
184 0.007905
183 0.008521
182 0.00818
181 0.00794
180 0.008175
179 0.008605
178 0.00847
177 0.008414
176 0.00797
175 0.008023
174 0.007908
173 0.008014
172 0.008446
171 0.008569
170 0.008389
169 0.008018
168 0.007893
167 0.008056
166 0.00865
165 0.007968
164 0.007882
163 0.007931
162 0.007947
161 0.008427
160 0.008276
159 0.007978
158 0.007904
157 0.007905
156 0.007934
155 0.008447
154 0.008017
153 0.007907
152 0.007921
151 0.007878
150 0.007878
149 0.008511
148 0.008249
147 0.007891
146 0.007928
145 0.007904
144 0.007874
143 0.00854
142 0.008021
141 0.00788
140 0.007931
139 0.007882
138 0.007876
137 0.0085
136 0.008166
135 0.007904
134 0.007903
133 0.007904
132 0.007887
131 0.008474
130 0.007994
129 0.007891
128 0.007893
127 0.007908
126 0.007909
125 0.008502
124 0.00819
123 0.007926
122 0.007886
121 0.007896
120 0.007878
119 0.008464
118 0.008434
117 0.008577
116 0.008058
115 0.008027
114 0.008079
113 0.008442
112 0.008
111 0.008127
110 0.007961
109 0.00789
108 0.008427
107 0.00826
106 0.007894
105 0.00799
104 0.0079
103 0.008011
102 0.00846
101 0.008003
100 0.007889
99 0.007923
98 0.007897
97 0.008382
96 0.008272
95 0.00798
94 0.00788
93 0.007902
92 0.007915
91 0.008473
90 0.007972
89 0.00788
88 0.007934
87 0.007884
86 0.007893
85 0.008496
84 0.008191
83 0.0079
82 0.007938
81 0.007983
80 0.007884
79 0.00849
78 0.00798
77 0.007876
76 0.007917
75 0.007915
74 0.007909
73 0.008535
72 0.008154
71 0.00788
70 0.007901
69 0.00787
68 0.00793
67 0.00847
66 0.007971
65 0.007888
64 0.007916
63 0.007934
62 0.007883
61 0.008483
60 0.008188
59 0.007893
58 0.007926
57 0.007919
56 0.008502
55 0.008635
54 0.008392
53 0.007994
52 0.007955
51 0.007928
50 0.008064
49 0.008484
48 0.008066
47 0.008143
46 0.007969
45 0.007937
44 0.008474
43 0.008057
42 0.007904
41 0.008028
40 0.007974
39 0.008009
38 0.008513
37 0.008105
36 0.007895
35 0.007938
34 0.00791
33 0.007891
32 0.008467
31 0.007989
30 0.00788
29 0.007916
28 0.007886
27 0.007885
26 0.008501
25 0.008223
24 0.007944
23 0.007927
22 0.007904
21 0.007894
20 0.00853
19 0.008065
18 0.007911
17 0.015838
16 0.014423
15 0.164518