85 2
84 2
83 2
82 2
81 2
80 2
79 2
78 2
77 2
76 2
75 2
74 2
73 2
72 2
71 62
70 62
69 62
68 62
67 62
66 62
65 62
64 62
63 62
62 62
61 62
60 62
59 62
58 62
57 62
56 62
55 62
54 62
53 62
52 62
51 62
50 62
49 62
48 62
47 62
46 62
45 62
44 62
43 62
42 62
41 123
40 184
39 245
38 306
37 367
36 428
35 489
34 550
33 4559
32 8634
31 12775
30 200539
29 393173
28 592291
27 797850
26 1266919
25 1553739
24 3734630
23 6066746
22 8448760
21 10931308
20 8257665
19 43376931
18 47777768
17 52368808
16 57237018
15 62233787
14 67437694
13 65806459
12 1367145830
