85 3.9e-05
84 3.3e-05
83 2.9e-05
82 2.8e-05
81 2.7e-05
80 2.6e-05
79 2.5e-05
78 2.6e-05
77 2.4e-05
76 2.2e-05
75 2.2e-05
74 2.2e-05
73 2.2e-05
72 2.2e-05
71 2.2e-05
70 2.2e-05
69 2.2e-05
68 2.1e-05
67 2.1e-05
66 2.1e-05
65 2.1e-05
64 2.1e-05
63 2e-05
62 2e-05
61 1.9e-05
60 1.9e-05
59 1.9e-05
58 1.9e-05
57 1.8e-05
56 1.8e-05
55 1.9e-05
54 1.9e-05
53 1.8e-05
52 1.8e-05
51 1.8e-05
50 1.8e-05
49 1.8e-05
48 1.8e-05
47 1.8e-05
46 1.8e-05
45 1.8e-05
44 1.8e-05
43 1.8e-05
42 1.8e-05
41 3.4e-05
40 4.9e-05
39 6.3e-05
38 7.7e-05
37 9.1e-05
36 0.000105
35 0.000119
34 0.000133
33 0.000537
32 0.000929
31 0.001321
30 0.014548
29 0.02631
28 0.034673
27 0.043149
26 0.05498
25 0.06577
24 0.152324
23 0.233161
22 0.315971
21 0.406274
20 0.345248
19 0.864841
18 0.934105
17 1.01566
16 1.08921
15 1.18922
14 1.25356
13 1.31143
12 26.9468