85 3.9e-05
84 3.4e-05
83 3.1e-05
82 3e-05
81 2.8e-05
80 2.8e-05
79 2.7e-05
78 2.7e-05
77 2.7e-05
76 2.6e-05
75 2.6e-05
74 2.5e-05
73 2.5e-05
72 2.5e-05
71 2.6e-05
70 2.6e-05
69 2.6e-05
68 2.5e-05
67 2.4e-05
66 2.3e-05
65 2.3e-05
64 2.2e-05
63 2.2e-05
62 2.2e-05
61 2.2e-05
60 2.2e-05
59 3e-05
58 3e-05
57 2.2e-05
56 3.1e-05
55 2.2e-05
54 2.2e-05
53 2.2e-05
52 2.1e-05
51 2.1e-05
50 2.1e-05
49 2.1e-05
48 2.1e-05
47 2.1e-05
46 2.1e-05
45 2.1e-05
44 2.1e-05
43 2e-05
42 2.2e-05
41 2.3e-05
40 2.2e-05
39 2.3e-05
38 2.3e-05
37 3.4e-05
36 3.5e-05
35 3.5e-05
34 2.6e-05
33 6.1e-05
32 7.5e-05
31 0.000101
30 0.000826
29 0.001523
28 0.002223
27 0.003
26 0.003522
25 0.004629
24 0.021081
23 0.03264
22 0.046669
21 0.058365
20 0.070517
19 0.162339
18 0.172214
17 0.188896
16 0.193561
15 0.224734
14 0.224784
13 0.264845
12 6.38283
