85 0.000179
84 0.000177
83 0.000166
82 0.000168
81 0.000168
80 0.000167
79 0.00017
78 0.000168
77 0.000144
76 0.00017
75 0.00024
74 0.000249
73 0.000268
72 0.000298
71 0.000307
70 0.000328
69 0.00036
68 0.000369
67 0.000393
66 0.000397
65 0.000421
64 0.000454
63 0.000425
62 0.001177
61 0.001938
60 0.001567
59 0.001657
58 0.001795
57 0.001924
56 0.002112
55 0.002087
54 0.006799
53 0.011504
52 0.048057
51 0.046383
50 0.042248
49 0.044643
48 0.047302
47 0.052723
46 0.057005
45 0.054963
44 0.057222
43 0.061541
42 0.064143
41 0.067192
40 0.071001
39 0.159558
38 0.248932
37 0.348508
36 0.442762
35 0.539894
34 0.644459
33 11.3324
32 12.6684
31 13.8863
30 22.4055
29 31.447
28 39.8623
27 49.853
26 58.8707
25 70.5299


