999 0.00782
998 0.00765
997 0.007602
996 0.008728
995 0.008285
994 0.008155
993 0.008167
992 0.007869
991 0.007898
990 0.007631
989 0.007931
988 0.008771
987 0.007962
986 0.007889
985 0.008115
984 0.007628
983 0.008318
982 0.007632
981 0.007772
980 0.007593
979 0.007668
978 0.007568
977 0.008135
976 0.00788
975 0.008598
974 0.007792
973 0.008882
972 0.008721
971 0.009521
970 0.007898
969 0.007703
968 0.008654
967 0.007934
966 0.0082
965 0.007718
964 0.008399
963 0.007993
962 0.007719
961 0.008059
960 0.008097
959 0.007874
958 0.007703
957 0.007705
956 0.007655
955 0.008764
954 0.007818
953 0.007798
952 0.007678
951 0.008046
950 0.008008
949 0.00814
948 0.007675
947 0.007521
946 0.007811
945 0.007602
944 0.007563
943 0.008091
942 0.007947
941 0.007538
940 0.007609
939 0.007552
938 0.00857
937 0.008224
936 0.007668
935 0.007629
934 0.008074
933 0.008113
932 0.00791
931 0.008113
930 0.008202
929 0.007682
928 0.007571
927 0.00769
926 0.007553
925 0.008098
924 0.007928
923 0.007768
922 0.00755
921 0.008579
920 0.007811
919 0.008113
918 0.007669
917 0.007778
916 0.007576
915 0.00763
914 0.007507
913 0.008083
912 0.007991
911 0.007588
910 0.007595
909 0.007626
908 0.007662
907 0.008149
906 0.007672
905 0.007554
904 0.008203
903 0.007588
902 0.007743
901 0.008352
900 0.007872
899 0.007725
898 0.007571
897 0.007557
896 0.008433
895 0.008191
894 0.007714
893 0.007538
892 0.007595
891 0.007761
890 0.007547
889 0.008075
888 0.007769
887 0.007706
886 0.007584
885 0.007555
884 0.007622
883 0.00818
882 0.008046
881 0.007636
880 0.007594
879 0.007711
878 0.00759
877 0.008106
876 0.007828
875 0.007565
874 0.008466
873 0.007846
872 0.007557
871 0.00816
870 0.008217
869 0.008123
868 0.007993
867 0.007692
866 0.008004
865 0.008144
864 0.007842
863 0.007649
862 0.007968
861 0.007768
860 0.007875
859 0.007969
858 0.008501
857 0.007896
856 0.007614
855 0.007635
854 0.008166
853 0.007959
852 0.007547
851 0.007594
850 0.007601
849 0.007657
848 0.008055
847 0.007737
846 0.007506
845 0.008057
844 0.007743
843 0.007543
842 0.008128
841 0.007814
840 0.007628
839 0.007566
838 0.007616
837 0.007522
836 0.008883
835 0.008002
834 0.007608
833 0.007579
832 0.007852
831 0.007686
830 0.009053
829 0.00774
828 0.007901
827 0.007641
826 0.007597
825 0.007537
824 0.009318
823 0.007885
822 0.007576
821 0.008006
820 0.007614
819 0.008553
818 0.010332
817 0.007729
816 0.007643
815 0.007696
814 0.007543
813 0.007562
812 0.009048
811 0.007929
810 0.007635
809 0.007839
808 0.008253
807 0.008492
806 0.009235
805 0.008341
804 0.007728
803 0.007715
802 0.007688
801 0.008792
800 0.008068
799 0.007689
798 0.007642
797 0.007745
796 0.007739
795 0.009608
794 0.008058
793 0.007591
792 0.0076
791 0.007629
790 0.007582
789 0.009037
788 0.007827
787 0.007585
786 0.007824
785 0.007592
784 0.007552
783 0.009131
782 0.008176
781 0.007748
780 0.007633
779 0.007499
778 0.007717
777 0.009008
776 0.007746
775 0.00766
774 0.007582
773 0.007616
772 0.007558
771 0.009008
770 0.007982
769 0.008336
768 0.007585
767 0.007626
766 0.00759
765 0.008238
764 0.007626
763 0.007551
762 0.007656
761 0.007647
760 0.00758
759 0.008134
758 0.007921
757 0.008099
756 0.007539
755 0.007551
754 0.007606
753 0.009011
752 0.007894
751 0.007707
750 0.007583
749 0.007583
748 0.007607
747 0.009039
746 0.007803
745 0.007796
744 0.008205
743 0.007947
742 0.007704
741 0.010055
740 0.008547
739 0.007578
738 0.007801
737 0.007571
736 0.008287
735 0.008305
734 0.007722
733 0.007663
732 0.007667
731 0.007612
730 0.00756
729 0.008078
728 0.008137
727 0.007652
726 0.007553
725 0.007574
724 0.007744
723 0.008128
722 0.007669
721 0.007534
720 0.007539
719 0.007757
718 0.007531
717 0.008087
716 0.007882
715 0.007622
714 0.007568
713 0.007555
712 0.007569
711 0.008337
710 0.008239
709 0.007632
708 0.007588
707 0.008197
706 0.007765
705 0.009028
704 0.007745
703 0.007554
702 0.007877
701 0.007607
700 0.007702
699 0.009119
698 0.008314
697 0.007736
696 0.007692
695 0.007603
694 0.007619
693 0.00915
692 0.007722
691 0.007555
690 0.00795
689 0.007724
688 0.007568
687 0.009012
686 0.007698
685 0.007648
684 0.007629
683 0.007573
682 0.007775
681 0.009978
680 0.008268
679 0.007811
678 0.00765
677 0.007758
676 0.007641
675 0.00959
674 0.008464
673 0.007638
672 0.007577
671 0.007686
670 0.007602
669 0.00818
668 0.008478
667 0.007549
666 0.007618
665 0.007646
664 0.007548
663 0.007944
662 0.007938
661 0.007742
660 0.008004
659 0.007633
658 0.007574
657 0.008684
656 0.007966
655 0.007589
654 0.0076
653 0.00756
652 0.007606
651 0.008135
650 0.007989
649 0.007629
648 0.007625
647 0.007598
646 0.007722
645 0.008103
644 0.007903
643 0.00796
642 0.007629
641 0.007586
640 0.007641
639 0.008171
638 0.007698
637 0.007551
636 0.007563
635 0.00783
634 0.008433
633 0.008216
632 0.007721
631 0.008012
630 0.007739
629 0.007542
628 0.007544
627 0.008176
626 0.00769
625 0.007599
624 0.007619
623 0.007586
622 0.00765
621 0.008091
620 0.008098
619 0.007839
618 0.00834
617 0.008746
616 0.007958
615 0.009409
614 0.00802
613 0.007556
612 0.007656
611 0.007587
610 0.008575
609 0.007869
608 0.007756
607 0.007629
606 0.007798
605 0.007647
604 0.008117
603 0.007655
602 0.007597
601 0.008239
600 0.007932
599 0.007521
598 0.008144
597 0.007801
596 0.007622
595 0.007623
594 0.007555
593 0.008066
592 0.008161
591 0.007674
590 0.00759
589 0.007755
588 0.00759
587 0.007587
586 0.008112
585 0.007665
584 0.007666
583 0.007568
582 0.007568
581 0.007661
580 0.008525
579 0.007912
578 0.00755
577 0.007522
576 0.007699
575 0.007578
574 0.00807
573 0.007749
572 0.007924
571 0.007835
570 0.007523
569 0.007518
568 0.008161
567 0.007854
566 0.007985
565 0.007626
564 0.007512
563 0.007619
562 0.008114
561 0.007687
560 0.007551
559 0.007648
558 0.007608
557 0.00759
556 0.008058
555 0.008291
554 0.008196
553 0.008242
552 0.007697
551 0.007688
550 0.00813
549 0.007837
548 0.007636
547 0.007554
546 0.008462
545 0.008021
544 0.008003
543 0.007627
542 0.00792
541 0.007641
540 0.007559
539 0.008159
538 0.007737
537 0.007845
536 0.007621
535 0.007627
534 0.007545
533 0.008546
532 0.007723
531 0.007536
530 0.007619
529 0.007887
528 0.007563
527 0.008104
526 0.007681
525 0.007973
524 0.007637
523 0.007576
522 0.007649
521 0.008435
520 0.00766
519 0.007625
518 0.007559
517 0.007895
516 0.007985
515 0.008155
514 0.007682
513 0.007568
512 0.007808
511 0.007586
510 0.007566
509 0.008144
508 0.007957
507 0.007997
506 0.007548
505 0.007614
504 0.007956
503 0.00826
502 0.007635
501 0.007552
500 0.007606
499 0.007777
498 0.007532
497 0.008144
496 0.007723
495 0.007787
494 0.007637
493 0.00754
492 0.007563
491 0.008587
490 0.008441
489 0.008304
488 0.007601
487 0.007909
486 0.007643
485 0.00808
484 0.008026
483 0.00774
482 0.008125
481 0.007735
480 0.007607
479 0.008214
478 0.008048
477 0.008142
476 0.00762
475 0.007589
474 0.007902
473 0.008284
472 0.007633
471 0.007578
470 0.007783
469 0.007623
468 0.007669
467 0.008182
466 0.008245
465 0.007863
464 0.007656
463 0.007628
462 0.00759
461 0.008522
460 0.007628
459 0.007586
458 0.007564
457 0.007998
456 0.007781
455 0.008131
454 0.007769
453 0.007928
452 0.007709
451 0.007588
450 0.00758
449 0.008113
448 0.007944
447 0.007539
446 0.007637
445 0.00754
444 0.007762
443 0.009264
442 0.008294
441 0.00799
440 0.008419
439 0.007548
438 0.00763
437 0.009194
436 0.008025
435 0.007615
434 0.007597
433 0.007554
432 0.007668
431 0.008101
430 0.008126
429 0.00791
428 0.007973
427 0.008246
426 0.007891
425 0.008117
424 0.007846
423 0.0077
422 0.007627
421 0.00765
420 0.007814
419 0.008136
418 0.007982
417 0.007747
416 0.007596
415 0.007734
414 0.00817
413 0.007822
412 0.007696
411 0.007652
410 0.007875
409 0.007835
408 0.008144
407 0.007685
406 0.007601
405 0.007607
404 0.007611
403 0.007543
402 0.00811
401 0.007935
400 0.007693
399 0.007525
398 0.007585
397 0.007771
396 0.008137
395 0.008073
394 0.007662
393 0.007809
392 0.007653
391 0.007581
390 0.008121
389 0.00787
388 0.007685
387 0.007587
386 0.007592
385 0.007633
384 0.008112
383 0.007859
382 0.007955
381 0.00782
380 0.007643
379 0.007564
378 0.008187
377 0.007683
376 0.007738
375 0.008002
374 0.007537
373 0.007571
372 0.008131
371 0.007758
370 0.007561
369 0.007544
368 0.007668
367 0.00768
366 0.008143
365 0.007711
364 0.008396
363 0.008148
362 0.007643
361 0.007664
360 0.008079
359 0.008019
358 0.00781
357 0.007618
356 0.007577
355 0.007808
354 0.008123
353 0.007748
352 0.007651
351 0.008031
350 0.007647
349 0.007541
348 0.008089
347 0.007702
346 0.007712
345 0.00766
344 0.007603
343 0.00757
342 0.00836
341 0.007757
340 0.007647
339 0.007524
338 0.008197
337 0.007641
336 0.008114
335 0.007727
334 0.007727
333 0.007551
332 0.007599
331 0.007566
330 0.008096
329 0.007831
328 0.0079
327 0.007629
326 0.007706
325 0.00783
324 0.008287
323 0.007719
322 0.007553
321 0.007867
320 0.008038
319 0.007955
318 0.008319
317 0.008045
316 0.007564
315 0.007618
314 0.007699
313 0.008066
312 0.009256
311 0.007818
310 0.007604
309 0.007646
308 0.007702
307 0.007607
306 0.009229
305 0.0078
304 0.007681
303 0.007595
302 0.007862
301 0.007811
300 0.009113
299 0.00971
298 0.008106
297 0.007736
296 0.007641
295 0.007988
294 0.008175
293 0.007594
292 0.007602
291 0.007879
290 0.007693
289 0.008031
288 0.007895
287 0.007731
286 0.007612
285 0.00761
284 0.007584
283 0.008134
282 0.007775
281 0.007983
280 0.007515
279 0.007613
278 0.007962
277 0.008147
276 0.007705
275 0.007596
274 0.007629
273 0.007571
272 0.007593
271 0.008116
270 0.00804
269 0.00789
268 0.007565
267 0.007553
266 0.007951
265 0.008173
264 0.00766
263 0.007692
262 0.007713
261 0.007663
260 0.007576
259 0.008151
258 0.007749
257 0.007993
256 0.007656
255 0.007551
254 0.00758
253 0.008158
252 0.007783
251 0.007534
250 0.007584
249 0.007856
248 0.007613
247 0.008125
246 0.007634
245 0.007631
244 0.007809
243 0.00757
242 0.007604
241 0.008149
240 0.008279
239 0.007607
238 0.007516
237 0.00836
236 0.008436
235 0.008243
234 0.007763
233 0.007625
232 0.007918
231 0.007586
230 0.007987
229 0.007943
228 0.007869
227 0.007578
226 0.007705
225 0.007583
224 0.008255
223 0.008439
222 0.007639
221 0.007558
220 0.007623
219 0.007709
218 0.008163
217 0.007694
216 0.007587
215 0.007723
214 0.007604
213 0.007502
212 0.008099
211 0.008047
210 0.008001
209 0.00763
208 0.007571
207 0.007588
206 0.009112
205 0.007786
204 0.007583
203 0.00756
202 0.00776
201 0.007565
200 0.008066
199 0.007828
198 0.007672
197 0.007554
196 0.007614
195 0.007532
194 0.008422
193 0.007902
192 0.007573
191 0.007577
190 0.007565
189 0.007746
188 0.008199
187 0.007675
186 0.007636
185 0.008056
184 0.008017
183 0.00757
182 0.008147
181 0.007785
180 0.007595
179 0.007634
178 0.007552
177 0.007701
176 0.008075
175 0.007976
174 0.008003
173 0.008894
172 0.008052
171 0.007736
170 0.008168
169 0.00774
168 0.00781
167 0.007602
166 0.007705
165 0.007919
164 0.008491
163 0.007739
162 0.007666
161 0.007716
160 0.00778
159 0.008181
158 0.007744
157 0.007554
156 0.007796
155 0.007534
154 0.007592
153 0.008126
152 0.008017
151 0.008036
150 0.007651
149 0.00757
148 0.007594
147 0.008293
146 0.008301
145 0.007631
144 0.007572
143 0.007801
142 0.007675
141 0.0084
140 0.007696
139 0.00773
138 0.007561
137 0.007904
136 0.007683
135 0.008181
134 0.008402
133 0.007581
132 0.007603
131 0.007605
130 0.007735
129 0.008499
128 0.007688
127 0.007586
126 0.007766
125 0.007701
124 0.007553
123 0.008135
122 0.008231
121 0.007545
120 0.007649
119 0.007533
118 0.007561
117 0.008188
116 0.007938
115 0.007578
114 0.007603
113 0.007554
112 0.008111
111 0.008072
110 0.007944
109 0.008229
108 0.008491
107 0.007725
106 0.007621
105 0.008222
104 0.007839
103 0.007655
102 0.007555
101 0.007714
100 0.008056
99 0.008103
98 0.007613
97 0.007661
96 0.007972
95 0.00789
94 0.008252
93 0.007835
92 0.00773
91 0.00784
90 0.007603
89 0.00756
88 0.00835
87 0.007655
86 0.007549
85 0.007595
84 0.008233
83 0.007552
82 0.008149
81 0.007696
80 0.007589
79 0.00781
78 0.007978
77 0.007652
76 0.008107
75 0.00773
74 0.007636
73 0.007615
72 0.007631
71 0.007774
70 0.008159
69 0.007734
68 0.007538
67 0.008136
66 0.00766
65 0.00756
64 0.008081
63 0.007745
62 0.007606
61 0.007679
60 0.007656
59 0.007563
58 0.008106
57 0.008038
56 0.007574
55 0.007615
54 0.007566
53 0.007989
52 0.008183
51 0.007659
50 0.007548
49 0.007584
48 0.007672
47 0.007655
46 0.00803
45 0.008382
44 0.00801
43 0.007861
42 0.007608
41 0.007654
40 0.008739
39 0.008071
38 0.007627
37 0.007714
36 0.008092
35 0.007698
34 0.009104
33 0.007792
32 0.008105
31 0.007621
30 0.007566
29 0.007575
28 0.008979
27 0.007829
26 0.007558
25 0.007619
24 0.007571
23 0.007591
22 0.009121
21 0.007834
20 0.007639
19 0.013026
18 0.018144
17 0.036017
16 0.716034
