999 475000
998 475000
997 475000
996 475000
995 475000
994 475000
993 475000
992 475000
991 475000
990 475000
989 475000
988 475000
987 475000
986 475000
985 475000
984 475000
983 475000
982 475000
981 475000
980 475000
979 475000
978 475000
977 475000
976 475000
975 475000
974 475000
973 475000
972 475000
971 475000
970 475000
969 475000
968 475000
967 475000
966 475000
965 475000
964 475000
963 475000
962 475000
961 475000
960 475000
959 475000
958 475000
957 475000
956 475000
955 475000
954 475000
953 475000
952 475000
951 475000
950 475000
949 475000
948 475000
947 475000
946 475000
945 475000
944 475000
943 475000
942 475000
941 475000
940 475000
939 475000
938 475000
937 475000
936 475000
935 475000
934 475000
933 475000
932 475000
931 475000
930 475000
929 475000
928 475000
927 475000
926 475000
925 475000
924 475000
923 475000
922 475000
921 475000
920 475000
919 475000
918 475000
917 475000
916 475000
915 475000
914 475000
913 475000
912 475000
911 475000
910 475000
909 475000
908 475000
907 475000
906 475000
905 475000
904 475000
903 475000
902 475000
901 475000
900 475000
899 475000
898 475000
897 475000
896 475000
895 475000
894 475000
893 475000
892 475000
891 475000
890 475000
889 475000
888 475000
887 475000
886 475000
885 475000
884 475000
883 475000
882 475000
881 475000
880 475000
879 475000
878 475000
877 475000
876 475000
875 475000
874 475000
873 475000
872 475000
871 475000
870 475000
869 475000
868 475000
867 475000
866 475000
865 475000
864 475000
863 475000
862 475000
861 475000
860 475000
859 475000
858 475000
857 475000
856 475000
855 475000
854 475000
853 475000
852 475000
851 475000
850 475000
849 475000
848 475000
847 475000
846 475000
845 475000
844 475000
843 475000
842 475000
841 475000
840 475000
839 475000
838 475000
837 475000
836 475000
835 475000
834 475000
833 475000
832 475000
831 475000
830 475000
829 475000
828 475000
827 475000
826 475000
825 475000
824 475000
823 475000
822 475000
821 475000
820 475000
819 475000
818 475000
817 475000
816 475000
815 475000
814 475000
813 475000
812 475000
811 475000
810 475000
809 475000
808 475000
807 475000
806 475000
805 475000
804 475000
803 475000
802 475000
801 475000
800 475000
799 475000
798 475000
797 475000
796 475000
795 475000
794 475000
793 475000
792 475000
791 475000
790 475000
789 475000
788 475000
787 475000
786 475000
785 475000
784 475000
783 475000
782 475000
781 475000
780 475000
779 475000
778 475000
777 475000
776 475000
775 475000
774 475000
773 475000
772 475000
771 475000
770 475000
769 475000
768 475000
767 475000
766 475000
765 475000
764 475000
763 475000
762 475000
761 475000
760 475000
759 475000
758 475000
757 475000
756 475000
755 475000
754 475000
753 475000
752 475000
751 475000
750 475000
749 475000
748 475000
747 475000
746 475000
745 475000
744 475000
743 475000
742 475000
741 475000
740 475000
739 475000
738 475000
737 475000
736 475000
735 475000
734 475000
733 475000
732 475000
731 475000
730 475000
729 475000
728 475000
727 475000
726 475000
725 475000
724 475000
723 475000
722 475000
721 475000
720 475000
719 475000
718 475000
717 475000
716 475000
715 475000
714 475000
713 475000
712 475000
711 475000
710 475000
709 475000
708 475000
707 475000
706 475000
705 475000
704 475000
703 475000
702 475000
701 475000
700 475000
699 475000
698 475000
697 475000
696 475000
695 475000
694 475000
693 475000
692 475000
691 475000
690 475000
689 475000
688 475000
687 475000
686 475000
685 475000
684 475000
683 475000
682 475000
681 475000
680 475000
679 475000
678 475000
677 475000
676 475000
675 475000
674 475000
673 475000
672 475000
671 475000
670 475000
669 475000
668 475000
667 475000
666 475000
665 475000
664 475000
663 475000
662 475000
661 475000
660 475000
659 475000
658 475000
657 475000
656 475000
655 475000
654 475000
653 475000
652 475000
651 475000
650 475000
649 475000
648 475000
647 475000
646 475000
645 475000
644 475000
643 475000
642 475000
641 475000
640 475000
639 475000
638 475000
637 475000
636 475000
635 475000
634 475000
633 475000
632 475000
631 475000
630 475000
629 475000
628 475000
627 475000
626 475000
625 475000
624 475000
623 475000
622 475000
621 475000
620 475000
619 475000
618 475000
617 475000
616 475000
615 475000
614 475000
613 475000
612 475000
611 475000
610 475000
609 475000
608 475000
607 475000
606 475000
605 475000
604 475000
603 475000
602 475000
601 475000
600 475000
599 475000
598 475000
597 475000
596 475000
595 475000
594 475000
593 475000
592 475000
591 475000
590 475000
589 475000
588 475000
587 475000
586 475000
585 475000
584 475000
583 475000
582 475000
581 475000
580 475000
579 475000
578 475000
577 475000
576 475000
575 475000
574 475000
573 475000
572 475000
571 475000
570 475000
569 475000
568 475000
567 475000
566 475000
565 475000
564 475000
563 475000
562 475000
561 475000
560 475000
559 475000
558 475000
557 475000
556 475000
555 475000
554 475000
553 475000
552 475000
551 475000
550 475000
549 475000
548 475000
547 475000
546 475000
545 475000
544 475000
543 475000
542 475000
541 475000
540 475000
539 475000
538 475000
537 475000
536 475000
535 475000
534 475000
533 475000
532 475000
531 475000
530 475000
529 475000
528 475000
527 475000
526 475000
525 475000
524 475000
523 475000
522 475000
521 475000
520 475000
519 475000
518 475000
517 475000
516 475000
515 475000
514 475000
513 475000
512 475000
511 475000
510 475000
509 475000
508 475000
507 475000
506 475000
505 475000
504 475000
503 475000
502 475000
501 475000
500 475000
499 475000
498 475000
497 475000
496 475000
495 475000
494 475000
493 475000
492 475000
491 475000
490 475000
489 475000
488 475000
487 475000
486 475000
485 475000
484 475000
483 475000
482 475000
481 475000
480 475000
479 475000
478 475000
477 475000
476 475000
475 475000
474 475000
473 475000
472 475000
471 475000
470 475000
469 475000
468 475000
467 475000
466 475000
465 475000
464 475000
463 475000
462 475000
461 475000
460 475000
459 475000
458 475000
457 475000
456 475000
455 475000
454 475000
453 475000
452 475000
451 475000
450 475000
449 475000
448 475000
447 475000
446 475000
445 475000
444 475000
443 475000
442 475000
441 475000
440 475000
439 475000
438 475000
437 475000
436 475000
435 475000
434 475000
433 475000
432 475000
431 475000
430 475000
429 475000
428 475000
427 475000
426 475000
425 475000
424 475000
423 475000
422 475000
421 475000
420 475000
419 475000
418 475000
417 475000
416 475000
415 475000
414 475000
413 475000
412 475000
411 475000
410 475000
409 475000
408 475000
407 475000
406 475000
405 475000
404 475000
403 475000
402 475000
401 475000
400 475000
399 475000
398 475000
397 475000
396 475000
395 475000
394 475000
393 475000
392 475000
391 475000
390 475000
389 475000
388 475000
387 475000
386 475000
385 475000
384 475000
383 475000
382 475000
381 475000
380 475000
379 475000
378 475000
377 475000
376 475000
375 475000
374 475000
373 475000
372 475000
371 475000
370 475000
369 475000
368 475000
367 475000
366 475000
365 475000
364 475000
363 475000
362 475000
361 475000
360 475000
359 475000
358 475000
357 475000
356 475000
355 475000
354 475000
353 475000
352 475000
351 475000
350 475000
349 475000
348 475000
347 475000
346 475000
345 475000
344 475000
343 475000
342 475000
341 475000
340 475000
339 475000
338 475000
337 475000
336 475000
335 475000
334 475000
333 475000
332 475000
331 475000
330 475000
329 475000
328 475000
327 475000
326 475000
325 475000
324 475000
323 475000
322 475000
321 475000
320 475000
319 475000
318 475000
317 475000
316 475000
315 475000
314 475000
313 475000
312 475000
311 475000
310 475000
309 475000
308 475000
307 475000
306 475000
305 475000
304 475000
303 475000
302 475000
301 475000
300 475000
299 475000
298 475000
297 475000
296 475000
295 475000
294 475000
293 475000
292 475000
291 475000
290 475000
289 475000
288 475000
287 475000
286 475000
285 475000
284 475000
283 475000
282 475000
281 475000
280 475000
279 475000
278 475000
277 475000
276 475000
275 475000
274 475000
273 475000
272 475000
271 475000
270 475000
269 475000
268 475000
267 475000
266 475000
265 475000
264 475000
263 475000
262 475000
261 475000
260 475000
259 475000
258 475000
257 475000
256 475000
255 475000
254 475000
253 475000
252 475000
251 475000
250 475000
249 475000
248 475000
247 475000
246 475000
245 475000
244 475000
243 475000
242 475000
241 475000
240 475000
239 475000
238 475000
237 475000
236 475000
235 475000
234 475000
233 475000
232 475000
231 475000
230 475000
229 475000
228 475000
227 475000
226 475000
225 475000
224 475000
223 475000
222 475000
221 475000
220 475000
219 475000
218 475000
217 475000
216 475000
215 475000
214 475000
213 475000
212 475000
211 475000
210 475000
209 475000
208 475000
207 475000
206 475000
205 475000
204 475000
203 475000
202 475000
201 475000
200 475000
199 475000
198 475000
197 475000
196 475000
195 475000
194 475000
193 475000
192 475000
191 475000
190 475000
189 475000
188 475000
187 475000
186 475000
185 475000
184 475000
183 475000
182 475000
181 475000
180 475000
179 475000
178 475000
177 475000
176 475000
175 475000
174 475000
173 475000
172 475000
171 475000
170 475000
169 475000
168 475000
167 475000
166 475000
165 475000
164 475000
163 475000
162 475000
161 475000
160 475000
159 475000
158 475000
157 475000
156 475000
155 475000
154 475000
153 475000
152 475000
151 475000
150 475000
149 475000
148 475000
147 475000
146 475000
145 475000
144 475000
143 475000
142 475000
141 475000
140 475000
139 475000
138 475000
137 475000
136 475000
135 475000
134 475000
133 475000
132 475000
131 475000
130 475000
129 475000
128 475000
127 475000
126 475000
125 475000
124 475000
123 475000
122 475000
121 475000
120 475000
119 475000
118 475000
117 475000
116 475000
115 475000
114 475000
113 475000
112 475000
111 475000
110 475000
109 475000
108 475000
107 475000
106 475000
105 475000
104 475000
103 475000
102 475000
101 475000
100 475000
99 475000
98 475000
97 475000
96 475000
95 475000
94 475000
93 475000
92 475000
91 475000
90 475000
89 475000
88 475000
87 475000
86 475000
85 475000
84 475000
83 475000
82 475000
81 475000
80 475000
79 475000
78 475000
77 475000
76 475000
75 475000
74 475000
73 475000
72 475000
71 475000
70 475000
69 475000
68 475000
67 475000
66 475000
65 475000
64 475000
63 475000
62 475000
61 475000
60 475000
59 475000
58 475000
57 475000
56 475000
55 475000
54 475000
53 475000
52 475000
51 475000
50 475000
49 475000
48 475000
47 475000
46 475000
45 475000
44 475000
43 475000
42 475000
41 475000
40 475000
39 475000
38 475000
37 475000
36 475000
35 475000
34 475000
33 475000
32 475000
31 475000
30 475000
29 475000
28 475000
27 475000
26 475000
25 475000
24 475000
23 475000
22 475000
21 475000
20 475000
19 711060
18 947120
17 1982277
16 38753904

                                                                                                                                                                                                                      