k nbComp temps
999 475000 0.005168
998 475000 0.004985
997 475000 0.005409
996 475000 0.004956
995 475000 0.005163
994 475000 0.005218
993 475000 0.005167
992 475000 0.004973
991 475000 0.005018
990 475000 0.004927
989 475000 0.00492
988 475000 0.004943
987 475000 0.005208
986 475000 0.005545
985 475000 0.005283
984 475000 0.00518
983 475000 0.004946
982 475000 0.004945
981 475000 0.004998
980 475000 0.004981
979 475000 0.004981
978 475000 0.005262
977 475000 0.005371
976 475000 0.005015
975 475000 0.005001
974 475000 0.005186
973 475000 0.00507
972 475000 0.004971
971 475000 0.004933
970 475000 0.004979
969 475000 0.005381
968 475000 0.005423
967 475000 0.005035
966 475000 0.004924
965 475000 0.005242
964 475000 0.005195
963 475000 0.005046
962 475000 0.004902
961 475000 0.005081
960 475000 0.005457
959 475000 0.004977
958 475000 0.004916
957 475000 0.005159
956 475000 0.005063
955 475000 0.004914
954 475000 0.004971
953 475000 0.004932
952 475000 0.005196
951 475000 0.005345
950 475000 0.004973
949 475000 0.004876
948 475000 0.004941
947 475000 0.004904
946 475000 0.004938
945 475000 0.004959
944 475000 0.004887
943 475000 0.004994
942 475000 0.004915
941 475000 0.004883
940 475000 0.004917
939 475000 0.004911
938 475000 0.004904
937 475000 0.004939
936 475000 0.00489
935 475000 0.004936
934 475000 0.00491
933 475000 0.004927
932 475000 0.004901
931 475000 0.004877
930 475000 0.004892
929 475000 0.004871
928 475000 0.004933
927 475000 0.004884
926 475000 0.004914
925 475000 0.004925
924 475000 0.004911
923 475000 0.004909
922 475000 0.004915
921 475000 0.004914
920 475000 0.004946
919 475000 0.004902
918 475000 0.004881
917 475000 0.004897
916 475000 0.004894
915 475000 0.004915
914 475000 0.004918
913 475000 0.004904
912 475000 0.004904
911 475000 0.004913
910 475000 0.004897
909 475000 0.004894
908 475000 0.005309
907 475000 0.005335
906 475000 0.004956
905 475000 0.004922
904 475000 0.004912
903 475000 0.004944
902 475000 0.004898
901 475000 0.004935
900 475000 0.00491
899 475000 0.005085
898 475000 0.005275
897 475000 0.005289
896 475000 0.004959
895 475000 0.00492
894 475000 0.004912
893 475000 0.004914
892 475000 0.004915
891 475000 0.004903
890 475000 0.005212
889 475000 0.005399
888 475000 0.004981
887 475000 0.004899
886 475000 0.004916
885 475000 0.00488
884 475000 0.004965
883 475000 0.004924
882 475000 0.004877
881 475000 0.005371
880 475000 0.005443
879 475000 0.004988
878 475000 0.004923
877 475000 0.004944
876 475000 0.004934
875 475000 0.004885
874 475000 0.004911
873 475000 0.004866
872 475000 0.005468
871 475000 0.005182
870 475000 0.004955
869 475000 0.004906
868 475000 0.004934
867 475000 0.004932
866 475000 0.004878
865 475000 0.004877
864 475000 0.004868
863 475000 0.005409
862 475000 0.005227
861 475000 0.005001
860 475000 0.004932
859 475000 0.004883
858 475000 0.004909
857 475000 0.004885
856 475000 0.004879
855 475000 0.004886
854 475000 0.005434
853 475000 0.005221
852 475000 0.004961
851 475000 0.004927
850 475000 0.004926
849 475000 0.004921
848 475000 0.004883
847 475000 0.004881
846 475000 0.004882
845 475000 0.005449
844 475000 0.005234
843 475000 0.004983
842 475000 0.004888
841 475000 0.004892
840 475000 0.004893
839 475000 0.004886
838 475000 0.00488
837 475000 0.00488
836 475000 0.005422
835 475000 0.005224
834 475000 0.004986
833 475000 0.004953
832 475000 0.004884
831 475000 0.004895
830 475000 0.004862
829 475000 0.004878
828 475000 0.004866
827 475000 0.00543
826 475000 0.005213
825 475000 0.005006
824 475000 0.004904
823 475000 0.004926
822 475000 0.004905
821 475000 0.004884
820 475000 0.004892
819 475000 0.004878
818 475000 0.005411
817 475000 0.00527
816 475000 0.004979
815 475000 0.004894
814 475000 0.00491
813 475000 0.004948
812 475000 0.004877
811 475000 0.004892
810 475000 0.004957
809 475000 0.005342
808 475000 0.005452
807 475000 0.005192
806 475000 0.004923
805 475000 0.004936
804 475000 0.004887
803 475000 0.004883
802 475000 0.004912
801 475000 0.004884
800 475000 0.005104
799 475000 0.005393
798 475000 0.004994
797 475000 0.004921
796 475000 0.00495
795 475000 0.004861
794 475000 0.004909
793 475000 0.004888
792 475000 0.004886
791 475000 0.005281
790 475000 0.005383
789 475000 0.004953
788 475000 0.004924
787 475000 0.004881
786 475000 0.004895
785 475000 0.00489
784 475000 0.004871
783 475000 0.004863
782 475000 0.00545
781 475000 0.005246
780 475000 0.004973
779 475000 0.004891
778 475000 0.004895
777 475000 0.00491
776 475000 0.004885
775 475000 0.004883
774 475000 0.004886
773 475000 0.005419
772 475000 0.005208
771 475000 0.005013
770 475000 0.004909
769 475000 0.004891
768 475000 0.004904
767 475000 0.004865
766 475000 0.004864
765 475000 0.004889
764 475000 0.005402
763 475000 0.005281
762 475000 0.004991
761 475000 0.004922
760 475000 0.004869
759 475000 0.004908
758 475000 0.004898
757 475000 0.004898
756 475000 0.004901
755 475000 0.005416
754 475000 0.005227
753 475000 0.004976
752 475000 0.004911
751 475000 0.004876
750 475000 0.004899
749 475000 0.004885
748 475000 0.004887
747 475000 0.00489
746 475000 0.005426
745 475000 0.005247
744 475000 0.004978
743 475000 0.004921
742 475000 0.004866
741 475000 0.004887
740 475000 0.004874
739 475000 0.004893
738 475000 0.004889
737 475000 0.005412
736 475000 0.005234
735 475000 0.005019
734 475000 0.004888
733 475000 0.004863
732 475000 0.004879
731 475000 0.004889
730 475000 0.004881
729 475000 0.004989
728 475000 0.005414
727 475000 0.005248
726 475000 0.004993
725 475000 0.004885
724 475000 0.004895
723 475000 0.004925
722 475000 0.004864
721 475000 0.004878
720 475000 0.004869
719 475000 0.005437
718 475000 0.005297
717 475000 0.00495
716 475000 0.00491
715 475000 0.004899
714 475000 0.00489
713 475000 0.004881
712 475000 0.004864
711 475000 0.004889
710 475000 0.005404
709 475000 0.005228
708 475000 0.005001
707 475000 0.005172
706 475000 0.004867
705 475000 0.004955
704 475000 0.00488
703 475000 0.004886
702 475000 0.00486
701 475000 0.005439
700 475000 0.005181
699 475000 0.004984
698 475000 0.004871
697 475000 0.004871
696 475000 0.00489
695 475000 0.004927
694 475000 0.004897
693 475000 0.004907
692 475000 0.005442
691 475000 0.005251
690 475000 0.004969
689 475000 0.004886
688 475000 0.004876
687 475000 0.004887
686 475000 0.004877
685 475000 0.00489
684 475000 0.004887
683 475000 0.005411
682 475000 0.005245
681 475000 0.005
680 475000 0.004931
679 475000 0.004885
678 475000 0.004946
677 475000 0.00489
676 475000 0.004891
675 475000 0.004863
674 475000 0.005417
673 475000 0.005217
672 475000 0.004996
671 475000 0.004894
670 475000 0.004879
669 475000 0.00488
668 475000 0.004886
667 475000 0.004892
666 475000 0.004862
665 475000 0.005422
664 475000 0.005315
663 475000 0.005292
662 475000 0.005569
661 475000 0.006819
660 475000 0.0068
659 475000 0.006491
658 475000 0.007165
657 475000 0.005848
656 475000 0.005633
655 475000 0.005824
654 475000 0.005246
653 475000 0.005163
652 475000 0.005049
651 475000 0.004907
650 475000 0.004894
649 475000 0.005495
648 475000 0.006398
647 475000 0.004908
646 475000 0.00486
645 475000 0.004866
644 475000 0.004879
643 475000 0.004864
642 475000 0.004902
641 475000 0.004907
640 475000 0.004899
639 475000 0.006102
638 475000 0.006695
637 475000 0.006393
636 475000 0.006553
635 475000 0.005805
634 475000 0.005182
633 475000 0.005169
632 475000 0.005169
631 475000 0.005151
630 475000 0.005177
629 475000 0.006699
628 475000 0.007001
627 475000 0.006086
626 475000 0.006525
625 475000 0.006576
624 475000 0.005109
623 475000 0.004988
622 475000 0.004908
621 475000 0.00496
620 475000 0.004901
619 475000 0.005451
618 475000 0.006185
617 475000 0.005009
616 475000 0.004942
615 475000 0.004918
614 475000 0.004943
613 475000 0.004936
612 475000 0.00495
611 475000 0.004978
610 475000 0.004926
609 475000 0.005365
608 475000 0.005538
607 475000 0.005203
606 475000 0.004915
605 475000 0.004917
604 475000 0.004894
603 475000 0.00488
602 475000 0.004882
601 475000 0.004964
600 475000 0.004924
599 475000 0.005467
598 475000 0.005426
597 475000 0.004936
596 475000 0.004948
595 475000 0.004867
594 475000 0.004861
593 475000 0.004869
592 475000 0.004879
591 475000 0.005149
590 475000 0.005427
589 475000 0.004961
588 475000 0.004954
587 475000 0.00493
586 475000 0.004867
585 475000 0.0049
584 475000 0.004911
583 475000 0.004903
582 475000 0.005248
581 475000 0.005347
580 475000 0.004998
579 475000 0.004887
578 475000 0.004864
577 475000 0.004883
576 475000 0.004873
575 475000 0.004917
574 475000 0.004874
573 475000 0.00541
572 475000 0.005209
571 475000 0.00497
570 475000 0.004872
569 475000 0.004908
568 475000 0.004896
567 475000 0.004867
566 475000 0.004901
565 475000 0.004883
564 475000 0.005405
563 475000 0.005282
562 475000 0.004987
561 475000 0.004898
560 475000 0.004889
559 475000 0.004878
558 475000 0.004889
557 475000 0.004879
556 475000 0.0049
555 475000 0.005449
554 475000 0.005224
553 475000 0.004992
552 475000 0.004871
551 475000 0.004865
550 475000 0.004919
549 475000 0.004863
548 475000 0.004879
547 475000 0.004871
546 475000 0.005419
545 475000 0.005263
544 475000 0.005002
543 475000 0.004902
542 475000 0.004882
541 475000 0.004867
540 475000 0.004902
539 475000 0.004873
538 475000 0.004885
537 475000 0.005409
536 475000 0.005276
535 475000 0.004981
534 475000 0.004889
533 475000 0.00491
532 475000 0.004891
531 475000 0.004896
530 475000 0.004929
529 475000 0.004906
528 475000 0.005432
527 475000 0.005209
526 475000 0.004965
525 475000 0.004903
524 475000 0.004897
523 475000 0.004875
522 475000 0.004861
521 475000 0.004895
520 475000 0.004876
519 475000 0.005398
518 475000 0.00526
517 475000 0.005001
516 475000 0.004898
515 475000 0.004884
514 475000 0.004878
513 475000 0.00511
512 475000 0.005171
511 475000 0.005205
510 475000 0.00559
509 475000 0.005113
508 475000 0.004941
507 475000 0.004896
506 475000 0.004855
505 475000 0.004893
504 475000 0.004884
503 475000 0.004869
502 475000 0.005196
501 475000 0.00536
500 475000 0.005018
499 475000 0.004888
498 475000 0.004897
497 475000 0.004874
496 475000 0.004904
495 475000 0.00488
494 475000 0.004879
493 475000 0.005291
492 475000 0.00539
491 475000 0.004983
490 475000 0.004909
489 475000 0.004882
488 475000 0.004877
487 475000 0.004904
486 475000 0.004888
485 475000 0.004903
484 475000 0.005433
483 475000 0.005185
482 475000 0.004998
481 475000 0.004885
480 475000 0.004874
479 475000 0.004936
478 475000 0.004885
477 475000 0.00489
476 475000 0.004881
475 475000 0.005418
474 475000 0.005277
473 475000 0.004968
472 475000 0.004905
471 475000 0.004886
470 475000 0.004866
469 475000 0.004877
468 475000 0.004867
467 475000 0.004904
466 475000 0.005452
465 475000 0.005264
464 475000 0.00497
463 475000 0.004896
462 475000 0.004923
461 475000 0.0049
460 475000 0.004869
459 475000 0.004882
458 475000 0.00489
457 475000 0.005389
456 475000 0.005228
455 475000 0.004977
454 475000 0.004896
453 475000 0.004857
452 475000 0.004884
451 475000 0.004879
450 475000 0.004875
449 475000 0.004885
448 475000 0.005412
447 475000 0.005259
446 475000 0.004987
445 475000 0.004885
444 475000 0.004886
443 475000 0.004887
442 475000 0.004899
441 475000 0.004877
440 475000 0.004872
439 475000 0.005428
438 475000 0.005258
437 475000 0.004982
436 475000 0.004875
435 475000 0.004965
434 475000 0.004878
433 475000 0.004877
432 475000 0.004894
431 475000 0.004944
430 475000 0.005425
429 475000 0.005221
428 475000 0.004967
427 475000 0.004911
426 475000 0.004873
425 475000 0.004883
424 475000 0.004902
423 475000 0.004854
422 475000 0.004883
421 475000 0.005981
420 475000 0.005538
419 475000 0.004976
418 475000 0.004903
417 475000 0.004884
416 475000 0.004899
415 475000 0.0049
414 475000 0.004876
413 475000 0.00487
412 475000 0.00616
411 475000 0.005173
410 475000 0.005024
409 475000 0.004887
408 475000 0.004918
407 475000 0.004902
406 475000 0.004877
405 475000 0.004893
404 475000 0.004888
403 475000 0.006
402 475000 0.005375
401 475000 0.005034
400 475000 0.004894
399 475000 0.004873
398 475000 0.004901
397 475000 0.004893
396 475000 0.004879
395 475000 0.004877
394 475000 0.00606
393 475000 0.005303
392 475000 0.005027
391 475000 0.004879
390 475000 0.004889
389 475000 0.004947
388 475000 0.004921
387 475000 0.004891
386 475000 0.004861
385 475000 0.00605
384 475000 0.005292
383 475000 0.00506
382 475000 0.004888
381 475000 0.004864
380 475000 0.0049
379 475000 0.004884
378 475000 0.004868
377 475000 0.004869
376 475000 0.006009
375 475000 0.005397
374 475000 0.005043
373 475000 0.00488
372 475000 0.004881
371 475000 0.004899
370 475000 0.00486
369 475000 0.004926
368 475000 0.004923
367 475000 0.006225
366 475000 0.00541
365 475000 0.005042
364 475000 0.004888
363 475000 0.004901
362 475000 0.004911
361 475000 0.004891
360 475000 0.004885
359 475000 0.004883
358 475000 0.006155
357 475000 0.00516
356 475000 0.005027
355 475000 0.004886
354 475000 0.004881
353 475000 0.004887
352 475000 0.004859
351 475000 0.00489
350 475000 0.004933
349 475000 0.005921
348 475000 0.005395
347 475000 0.005048
346 475000 0.004889
345 475000 0.004882
344 475000 0.004878
343 475000 0.004863
342 475000 0.004879
341 475000 0.004872
340 475000 0.006129
339 475000 0.005264
338 475000 0.00508
337 475000 0.004882
336 475000 0.004884
335 475000 0.004909
334 475000 0.004893
333 475000 0.004895
332 475000 0.004886
331 475000 0.006072
330 475000 0.005247
329 475000 0.005053
328 475000 0.004903
327 475000 0.00491
326 475000 0.00492
325 475000 0.004892
324 475000 0.00488
323 475000 0.004885
322 475000 0.006021
321 475000 0.005352
320 475000 0.005032
319 475000 0.004867
318 475000 0.004891
317 475000 0.00489
316 475000 0.004902
315 475000 0.004895
314 475000 0.004883
313 475000 0.006043
312 475000 0.00534
311 475000 0.005087
310 475000 0.004897
309 475000 0.00487
308 475000 0.004896
307 475000 0.004886
306 475000 0.004882
305 475000 0.004887
304 475000 0.006065
303 475000 0.005281
302 475000 0.005029
301 475000 0.004861
300 475000 0.004882
299 475000 0.004913
298 475000 0.00488
297 475000 0.004873
296 475000 0.004861
295 475000 0.005966
294 475000 0.005424
293 475000 0.005046
292 475000 0.0049
291 475000 0.004899
290 475000 0.004909
289 475000 0.004865
288 475000 0.004915
287 475000 0.004885
286 475000 0.006113
285 475000 0.005192
284 475000 0.005057
283 475000 0.004897
282 475000 0.004868
281 475000 0.004888
280 475000 0.004904
279 475000 0.004907
278 475000 0.004909
277 475000 0.005419
276 475000 0.005252
275 475000 0.004962
274 475000 0.004929
273 475000 0.004885
272 475000 0.004965
271 475000 0.004901
270 475000 0.004912
269 475000 0.004972
268 475000 0.005422
267 475000 0.005217
266 475000 0.005006
265 475000 0.004904
264 475000 0.004918
263 475000 0.004892
262 475000 0.005156
261 475000 0.005055
260 475000 0.00516
259 475000 0.005521
258 475000 0.00513
257 475000 0.004984
256 475000 0.004911
255 475000 0.004932
254 475000 0.005162
253 475000 0.005052
252 475000 0.005041
251 475000 0.005312
250 475000 0.005342
249 475000 0.004988
248 475000 0.004943
247 475000 0.004931
246 475000 0.00491
245 475000 0.00512
244 475000 0.005055
243 475000 0.005191
242 475000 0.00552
241 475000 0.005315
240 475000 0.004891
239 475000 0.004912
238 475000 0.004901
237 475000 0.00516
236 475000 0.005051
235 475000 0.005119
234 475000 0.005246
233 475000 0.005486
232 475000 0.004978
231 475000 0.004902
230 475000 0.004942
229 475000 0.004917
228 475000 0.004955
227 475000 0.004887
226 475000 0.005152
225 475000 0.005505
224 475000 0.005037
223 475000 0.004983
222 475000 0.005041
221 475000 0.004908
220 475000 0.004946
219 475000 0.00487
218 475000 0.005176
217 475000 0.005307
216 475000 0.005361
215 475000 0.005118
214 475000 0.005198
213 475000 0.00518
212 475000 0.004959
211 475000 0.004879
210 475000 0.004936
209 475000 0.004954
208 475000 0.005487
207 475000 0.005109
206 475000 0.004923
205 475000 0.004882
204 475000 0.00493
203 475000 0.004909
202 475000 0.004879
201 475000 0.005074
200 475000 0.005291
199 475000 0.005359
198 475000 0.00496
197 475000 0.00491
196 475000 0.004879
195 475000 0.004877
194 475000 0.004894
193 475000 0.004898
192 475000 0.004976
191 475000 0.005381
190 475000 0.005365
189 475000 0.004995
188 475000 0.004884
187 475000 0.004852
186 475000 0.004912
185 475000 0.004884
184 475000 0.004877
183 475000 0.00488
182 475000 0.005412
181 475000 0.00523
180 475000 0.004992
179 475000 0.004889
178 475000 0.004874
177 475000 0.004889
176 475000 0.004883
175 475000 0.004889
174 475000 0.004906
173 475000 0.005441
172 475000 0.005244
171 475000 0.004965
170 475000 0.004868
169 475000 0.004876
168 475000 0.004924
167 475000 0.004881
166 475000 0.004901
165 475000 0.004882
164 475000 0.005406
163 475000 0.005222
162 475000 0.004966
161 475000 0.004922
160 475000 0.004878
159 475000 0.004894
158 475000 0.004907
157 475000 0.004879
156 475000 0.004889
155 475000 0.005406
154 475000 0.005226
153 475000 0.004977
152 475000 0.004897
151 475000 0.004858
150 475000 0.004896
149 475000 0.004895
148 475000 0.004863
147 475000 0.004872
146 475000 0.005406
145 475000 0.005285
144 475000 0.004965
143 475000 0.004886
142 475000 0.004873
141 475000 0.004896
140 475000 0.004885
139 475000 0.004909
138 475000 0.004889
137 475000 0.005434
136 475000 0.005305
135 475000 0.004968
134 475000 0.004904
133 475000 0.004897
132 475000 0.004901
131 475000 0.004891
130 475000 0.004884
129 475000 0.004962
128 475000 0.005449
127 475000 0.00516
126 475000 0.004983
125 475000 0.004902
124 475000 0.004868
123 475000 0.004921
122 475000 0.004899
121 475000 0.004866
120 475000 0.00489
119 475000 0.005391
118 475000 0.005257
117 475000 0.004947
116 475000 0.004875
115 475000 0.004901
114 475000 0.004903
113 475000 0.004888
112 475000 0.004872
111 475000 0.004872
110 475000 0.005423
109 475000 0.005262
108 475000 0.004974
107 475000 0.004895
106 475000 0.0049
105 475000 0.004896
104 475000 0.004903
103 475000 0.004872
102 475000 0.00486
101 475000 0.005425
100 475000 0.005227
99 475000 0.004963
98 475000 0.0049
97 475000 0.004875
96 475000 0.004907
95 475000 0.004874
94 475000 0.004884
93 475000 0.004869
92 475000 0.005423
91 475000 0.005257
90 475000 0.005004
89 475000 0.004914
88 475000 0.004864
87 475000 0.004889
86 475000 0.004883
85 475000 0.004881
84 475000 0.004929
83 475000 0.005412
82 475000 0.005252
81 475000 0.004958
80 475000 0.004876
79 475000 0.004876
78 475000 0.004886
77 475000 0.004898
76 475000 0.004882
75 475000 0.0049
74 475000 0.005454
73 475000 0.005252
72 475000 0.004949
71 475000 0.00489
70 475000 0.00486
69 475000 0.004902
68 475000 0.004856
67 475000 0.004865
66 475000 0.004917
65 475000 0.005423
64 475000 0.005254
63 475000 0.004979
62 475000 0.004943
61 475000 0.004863
60 475000 0.004906
59 475000 0.004899
58 475000 0.004881
57 475000 0.004889
56 475000 0.005413
55 475000 0.005234
54 475000 0.004948
53 475000 0.004893
52 475000 0.0049
51 475000 0.004882
50 475000 0.004882
49 475000 0.004871
48 475000 0.004859
47 475000 0.005419
46 475000 0.005286
45 475000 0.004971
44 475000 0.004894
43 475000 0.004857
42 475000 0.0049
41 475000 0.004904
40 475000 0.004893
39 475000 0.004908
38 475000 0.005422
37 475000 0.005208
36 475000 0.004971
35 475000 0.004928
34 475000 0.004878
33 475000 0.004923
32 475000 0.004885
31 475000 0.004876
30 475000 0.004885
29 475000 0.005405
28 475000 0.005243
27 475000 0.004964
26 475000 0.004897
25 475000 0.004876
24 475000 0.004909
23 475000 0.004891
22 475000 0.004898
21 475000 0.004916
20 475000 0.005428
19 475002 0.005255
18 475004 0.00497
17 911709 0.009418
16 682476 0.008364
15 3422578 0.141557