k nbComp temps
999 475000 0.00634
998 475000 0.005145
997 475000 0.005169
996 475000 0.006121
995 475000 0.005459
994 475000 0.005249
993 475000 0.005141
992 475000 0.005139
991 475000 0.005139
990 475000 0.005172
989 475000 0.00515
988 475000 0.005616
987 475000 0.007026
986 475000 0.005221
985 475000 0.005287
984 475000 0.00514
983 475000 0.00514
982 475000 0.005129
981 475000 0.005134
980 475000 0.00512
979 475000 0.005975
978 475000 0.006694
977 475000 0.00543
976 475000 0.00515
975 475000 0.005146
974 475000 0.00512
973 475000 0.006761
972 475000 0.006983
971 475000 0.006644
970 475000 0.005322
969 475000 0.005194
968 475000 0.005189
967 475000 0.005144
966 475000 0.005121
965 475000 0.005131
964 475000 0.005149
963 475000 0.005117
962 475000 0.005241
961 475000 0.005265
960 475000 0.00575
959 475000 0.005708
958 475000 0.00518
957 475000 0.005162
956 475000 0.005175
955 475000 0.005212
954 475000 0.005146
953 475000 0.005596
952 475000 0.0061
951 475000 0.005291
950 475000 0.00558
949 475000 0.005254
948 475000 0.005146
947 475000 0.005149
946 475000 0.00516
945 475000 0.005171
944 475000 0.00721
943 475000 0.005644
942 475000 0.005196
941 475000 0.00527
940 475000 0.005139
939 475000 0.005129
938 475000 0.005246
937 475000 0.00514
936 475000 0.005251
935 475000 0.005741
934 475000 0.005524
933 475000 0.005199
932 475000 0.005593
931 475000 0.005155
930 475000 0.005157
929 475000 0.005541
928 475000 0.005145
927 475000 0.006333
926 475000 0.0067
925 475000 0.005159
924 475000 0.005173
923 475000 0.005271
922 475000 0.005125
921 475000 0.005173
920 475000 0.005156
919 475000 0.005129
918 475000 0.005318
917 475000 0.006072
916 475000 0.005637
915 475000 0.005166
914 475000 0.005126
913 475000 0.005195
912 475000 0.00516
911 475000 0.005145
910 475000 0.00569
909 475000 0.006973
908 475000 0.005176
907 475000 0.005157
906 475000 0.005136
905 475000 0.005154
904 475000 0.005145
903 475000 0.005147
902 475000 0.005153
901 475000 0.005144
900 475000 0.005152
899 475000 0.005129
898 475000 0.005147
897 475000 0.005152
896 475000 0.005147
895 475000 0.005173
894 475000 0.005165
893 475000 0.005153
892 475000 0.00512
891 475000 0.005128
890 475000 0.005129
889 475000 0.005121
888 475000 0.005156
887 475000 0.005144
886 475000 0.005139
885 475000 0.00514
884 475000 0.005197
883 475000 0.005134
882 475000 0.005139
881 475000 0.005131
880 475000 0.005161
879 475000 0.005144
878 475000 0.00513
877 475000 0.005152
876 475000 0.005146
875 475000 0.005143
874 475000 0.005144
873 475000 0.005156
872 475000 0.005145
871 475000 0.005128
870 475000 0.00514
869 475000 0.006411
868 475000 0.005599
867 475000 0.005189
866 475000 0.005155
865 475000 0.005156
864 475000 0.005152
863 475000 0.005161
862 475000 0.005161
861 475000 0.005455
860 475000 0.006614
859 475000 0.006741
858 475000 0.005198
857 475000 0.005164
856 475000 0.005124
855 475000 0.005132
854 475000 0.005164
853 475000 0.0052
852 475000 0.005111
851 475000 0.005234
850 475000 0.006292
849 475000 0.005197
848 475000 0.005146
847 475000 0.005183
846 475000 0.005119
845 475000 0.005205
844 475000 0.005126
843 475000 0.005205
842 475000 0.006118
841 475000 0.005346
840 475000 0.005163
839 475000 0.00514
838 475000 0.005127
837 475000 0.005142
836 475000 0.005131
835 475000 0.005146
834 475000 0.005316
833 475000 0.006404
832 475000 0.005197
831 475000 0.005177
830 475000 0.005209
829 475000 0.005132
828 475000 0.005125
827 475000 0.005127
826 475000 0.005268
825 475000 0.006325
824 475000 0.005196
823 475000 0.005149
822 475000 0.005124
821 475000 0.005137
820 475000 0.005147
819 475000 0.005116
818 475000 0.005215
817 475000 0.005992
816 475000 0.005685
815 475000 0.005171
814 475000 0.005128
813 475000 0.005121
812 475000 0.005123
811 475000 0.005137
810 475000 0.005137
809 475000 0.005337
808 475000 0.006409
807 475000 0.005267
806 475000 0.005147
805 475000 0.005124
804 475000 0.005121
803 475000 0.005133
802 475000 0.005146
801 475000 0.005264
800 475000 0.006314
799 475000 0.005234
798 475000 0.005124
797 475000 0.005118
796 475000 0.005133
795 475000 0.005132
794 475000 0.005127
793 475000 0.00521
792 475000 0.005977
791 475000 0.005703
790 475000 0.005188
789 475000 0.005122
788 475000 0.005125
787 475000 0.005124
786 475000 0.005116
785 475000 0.00513
784 475000 0.005373
783 475000 0.006376
782 475000 0.005264
781 475000 0.005158
780 475000 0.005132
779 475000 0.005125
778 475000 0.005129
777 475000 0.005125
776 475000 0.005246
775 475000 0.006362
774 475000 0.005224
773 475000 0.005144
772 475000 0.005115
771 475000 0.005133
770 475000 0.005121
769 475000 0.005121
768 475000 0.005208
767 475000 0.006011
766 475000 0.005678
765 475000 0.005197
764 475000 0.005127
763 475000 0.005122
762 475000 0.005124
761 475000 0.005119
760 475000 0.005136
759 475000 0.005347
758 475000 0.006405
757 475000 0.005274
756 475000 0.00515
755 475000 0.005131
754 475000 0.005131
753 475000 0.005116
752 475000 0.005117
751 475000 0.005243
750 475000 0.006352
749 475000 0.005317
748 475000 0.005138
747 475000 0.005125
746 475000 0.005126
745 475000 0.005131
744 475000 0.005127
743 475000 0.005215
742 475000 0.006069
741 475000 0.005595
740 475000 0.005283
739 475000 0.005124
738 475000 0.005119
737 475000 0.00514
736 475000 0.005135
735 475000 0.005121
734 475000 0.005537
733 475000 0.006212
732 475000 0.005347
731 475000 0.00514
730 475000 0.005134
729 475000 0.005125
728 475000 0.005117
727 475000 0.005246
726 475000 0.005323
725 475000 0.006304
724 475000 0.005309
723 475000 0.005157
722 475000 0.005133
721 475000 0.005135
720 475000 0.005122
719 475000 0.005135
718 475000 0.005215
717 475000 0.00604
716 475000 0.005607
715 475000 0.005277
714 475000 0.005118
713 475000 0.005145
712 475000 0.005137
711 475000 0.00513
710 475000 0.005137
709 475000 0.00548
708 475000 0.006231
707 475000 0.005369
706 475000 0.005166
705 475000 0.005126
704 475000 0.005136
703 475000 0.005115
702 475000 0.005138
701 475000 0.005249
700 475000 0.00633
699 475000 0.00532
698 475000 0.005129
697 475000 0.005134
696 475000 0.005156
695 475000 0.005128
694 475000 0.005124
693 475000 0.005198
692 475000 0.005983
691 475000 0.005677
690 475000 0.005581
689 475000 0.006961
688 475000 0.006969
687 475000 0.005927
686 475000 0.005139
685 475000 0.005324
684 475000 0.006536
683 475000 0.005292
682 475000 0.005133
681 475000 0.005129
680 475000 0.00518
679 475000 0.005119
678 475000 0.005129
677 475000 0.005255
676 475000 0.006351
675 475000 0.005194
674 475000 0.005261
673 475000 0.005133
672 475000 0.005128
671 475000 0.00515
670 475000 0.005145
669 475000 0.005197
668 475000 0.005859
667 475000 0.005872
666 475000 0.005269
665 475000 0.005119
664 475000 0.005128
663 475000 0.005138
662 475000 0.005131
661 475000 0.005128
660 475000 0.005332
659 475000 0.006376
658 475000 0.005351
657 475000 0.005157
656 475000 0.005124
655 475000 0.005133
654 475000 0.005132
653 475000 0.005132
652 475000 0.005259
651 475000 0.006312
650 475000 0.005313
649 475000 0.005125
648 475000 0.005126
647 475000 0.005128
646 475000 0.005133
645 475000 0.005135
644 475000 0.005235
643 475000 0.006076
642 475000 0.005516
641 475000 0.005264
640 475000 0.005115
639 475000 0.005139
638 475000 0.005138
637 475000 0.005137
636 475000 0.005156
635 475000 0.005507
634 475000 0.006189
633 475000 0.005367
632 475000 0.005162
631 475000 0.005122
630 475000 0.005127
629 475000 0.005115
628 475000 0.005129
627 475000 0.005277
626 475000 0.006364
625 475000 0.005317
624 475000 0.005127
623 475000 0.005131
622 475000 0.005148
621 475000 0.005129
620 475000 0.005131
619 475000 0.005231
618 475000 0.006231
617 475000 0.005291
616 475000 0.005301
615 475000 0.005116
614 475000 0.005119
613 475000 0.00513
612 475000 0.005122
611 475000 0.005136
610 475000 0.005589
609 475000 0.006156
608 475000 0.00535
607 475000 0.005171
606 475000 0.005123
605 475000 0.005129
604 475000 0.005127
603 475000 0.005121
602 475000 0.005267
601 475000 0.006325
600 475000 0.005298
599 475000 0.005136
598 475000 0.005132
597 475000 0.005126
596 475000 0.005136
595 475000 0.005133
594 475000 0.005212
593 475000 0.005984
592 475000 0.005722
591 475000 0.005267
590 475000 0.005139
589 475000 0.00512
588 475000 0.005134
587 475000 0.00516
586 475000 0.00513
585 475000 0.005431
584 475000 0.006265
583 475000 0.005358
582 475000 0.005143
581 475000 0.005149
580 475000 0.005146
579 475000 0.00513
578 475000 0.005123
577 475000 0.005237
576 475000 0.006354
575 475000 0.005249
574 475000 0.005184
573 475000 0.005131
572 475000 0.005117
571 475000 0.005133
570 475000 0.005384
569 475000 0.005218
568 475000 0.006184
567 475000 0.005393
566 475000 0.005266
565 475000 0.005145
564 475000 0.005119
563 475000 0.005121
562 475000 0.005125
561 475000 0.005131
560 475000 0.005534
559 475000 0.006191
558 475000 0.005355
557 475000 0.005146
556 475000 0.005126
555 475000 0.005134
554 475000 0.00512
553 475000 0.005132
552 475000 0.005242
551 475000 0.006297
550 475000 0.005307
549 475000 0.005128
548 475000 0.005116
547 475000 0.005149
546 475000 0.005147
545 475000 0.005123
544 475000 0.005238
543 475000 0.005922
542 475000 0.005765
541 475000 0.005257
540 475000 0.005121
539 475000 0.00513
538 475000 0.005142
537 475000 0.005125
536 475000 0.005118
535 475000 0.005427
534 475000 0.005422
533 475000 0.005288
532 475000 0.005161
531 475000 0.005138
530 475000 0.005131
529 475000 0.005122
528 475000 0.005126
527 475000 0.005126
526 475000 0.005301
525 475000 0.006277
524 475000 0.005369
523 475000 0.00514
522 475000 0.005124
521 475000 0.005127
520 475000 0.005126
519 475000 0.005142
518 475000 0.005225
517 475000 0.006269
516 475000 0.005166
515 475000 0.005254
514 475000 0.005139
513 475000 0.005133
512 475000 0.005135
511 475000 0.00513
510 475000 0.005163
509 475000 0.005645
508 475000 0.006143
507 475000 0.005369
506 475000 0.005131
505 475000 0.005125
504 475000 0.005128
503 475000 0.005127
502 475000 0.00512
501 475000 0.005268
500 475000 0.006298
499 475000 0.005307
498 475000 0.005158
497 475000 0.005125
496 475000 0.005115
495 475000 0.005237
494 475000 0.005117
493 475000 0.005198
492 475000 0.005953
491 475000 0.005726
490 475000 0.005288
489 475000 0.005122
488 475000 0.005117
487 475000 0.005172
486 475000 0.005125
485 475000 0.005132
484 475000 0.005421
483 475000 0.006268
482 475000 0.00539
481 475000 0.005151
480 475000 0.00512
479 475000 0.005146
478 475000 0.005132
477 475000 0.005114
476 475000 0.005251
475 475000 0.006303
474 475000 0.005313
473 475000 0.005136
472 475000 0.005142
471 475000 0.005122
470 475000 0.005133
469 475000 0.005124
468 475000 0.005202
467 475000 0.006024
466 475000 0.005635
465 475000 0.005264
464 475000 0.005144
463 475000 0.005142
462 475000 0.005127
461 475000 0.005134
460 475000 0.005134
459 475000 0.005464
458 475000 0.006219
457 475000 0.005372
456 475000 0.005153
455 475000 0.005122
454 475000 0.005128
453 475000 0.00513
452 475000 0.005138
451 475000 0.005264
450 475000 0.006339
449 475000 0.005327
448 475000 0.005157
447 475000 0.005138
446 475000 0.005123
445 475000 0.005156
444 475000 0.005139
443 475000 0.005229
442 475000 0.006053
441 475000 0.005606
440 475000 0.005261
439 475000 0.005148
438 475000 0.005131
437 475000 0.00514
436 475000 0.005141
435 475000 0.005141
434 475000 0.005503
433 475000 0.006228
432 475000 0.005408
431 475000 0.00513
430 475000 0.00514
429 475000 0.00514
428 475000 0.005134
427 475000 0.005137
426 475000 0.005261
425 475000 0.00629
424 475000 0.005312
423 475000 0.005152
422 475000 0.005141
421 475000 0.005126
420 475000 0.005127
419 475000 0.005119
418 475000 0.005208
417 475000 0.006012
416 475000 0.005663
415 475000 0.005272
414 475000 0.005114
413 475000 0.005127
412 475000 0.005139
411 475000 0.005132
410 475000 0.005131
409 475000 0.005433
408 475000 0.006265
407 475000 0.00538
406 475000 0.0063
405 475000 0.006962
404 475000 0.006885
403 475000 0.005134
402 475000 0.00527
401 475000 0.006352
400 475000 0.005258
399 475000 0.005193
398 475000 0.005131
397 475000 0.005128
396 475000 0.005123
395 475000 0.005133
394 475000 0.005197
393 475000 0.005306
392 475000 0.005628
391 475000 0.005153
390 475000 0.00514
389 475000 0.005129
388 475000 0.005151
387 475000 0.005134
386 475000 0.005133
385 475000 0.006538
384 475000 0.005476
383 475000 0.005231
382 475000 0.005141
381 475000 0.005139
380 475000 0.005131
379 475000 0.005136
378 475000 0.005137
377 475000 0.005971
376 475000 0.006726
375 475000 0.005214
374 475000 0.005144
373 475000 0.005128
372 475000 0.005128
371 475000 0.005114
370 475000 0.005121
369 475000 0.005125
368 475000 0.005472
367 475000 0.006237
366 475000 0.005258
365 475000 0.005143
364 475000 0.005124
363 475000 0.005135
362 475000 0.005129
361 475000 0.005114
360 475000 0.005244
359 475000 0.006285
358 475000 0.005211
357 475000 0.005184
356 475000 0.005137
355 475000 0.005135
354 475000 0.005209
353 475000 0.005144
352 475000 0.005212
351 475000 0.005903
350 475000 0.005785
349 475000 0.005182
348 475000 0.005142
347 475000 0.005122
346 475000 0.005131
345 475000 0.005132
344 475000 0.00514
343 475000 0.005348
342 475000 0.006367
341 475000 0.005237
340 475000 0.005148
339 475000 0.005132
338 475000 0.005132
337 475000 0.005123
336 475000 0.005122
335 475000 0.005239
334 475000 0.005416
333 475000 0.005214
332 475000 0.005178
331 475000 0.005133
330 475000 0.005134
329 475000 0.005137
328 475000 0.005137
327 475000 0.005131
326 475000 0.006633
325 475000 0.006246
324 475000 0.005305
323 475000 0.00514
322 475000 0.005135
321 475000 0.005148
320 475000 0.005116
319 475000 0.005135
318 475000 0.005148
317 475000 0.005535
316 475000 0.006173
315 475000 0.005279
314 475000 0.005127
313 475000 0.005121
312 475000 0.005128
311 475000 0.005132
310 475000 0.005143
309 475000 0.005242
308 475000 0.006326
307 475000 0.005192
306 475000 0.005199
305 475000 0.005121
304 475000 0.005115
303 475000 0.005161
302 475000 0.005117
301 475000 0.00519
300 475000 0.005885
299 475000 0.005919
298 475000 0.00517
297 475000 0.005147
296 475000 0.005119
295 475000 0.005127
294 475000 0.005118
293 475000 0.005143
292 475000 0.005328
291 475000 0.006372
290 475000 0.005247
289 475000 0.005138
288 475000 0.005137
287 475000 0.005124
286 475000 0.005139
285 475000 0.005127
284 475000 0.00523
283 475000 0.006294
282 475000 0.005349
281 475000 0.005114
280 475000 0.005125
279 475000 0.005128
278 475000 0.005138
277 475000 0.005143
276 475000 0.005224
275 475000 0.005991
274 475000 0.005723
273 475000 0.005258
272 475000 0.005134
271 475000 0.005126
270 475000 0.005134
269 475000 0.005121
268 475000 0.005142
267 475000 0.005429
266 475000 0.006278
265 475000 0.005361
264 475000 0.005136
263 475000 0.005125
262 475000 0.005129
261 475000 0.005146
260 475000 0.005114
259 475000 0.005302
258 475000 0.006339
257 475000 0.005302
256 475000 0.005119
255 475000 0.005127
254 475000 0.005123
253 475000 0.005124
252 475000 0.005132
251 475000 0.005253
250 475000 0.006186
249 475000 0.005397
248 475000 0.005267
247 475000 0.005125
246 475000 0.005124
245 475000 0.005142
244 475000 0.005129
243 475000 0.005129
242 475000 0.005526
241 475000 0.006214
240 475000 0.005359
239 475000 0.005121
238 475000 0.005132
237 475000 0.005131
236 475000 0.005106
235 475000 0.005135
234 475000 0.005363
233 475000 0.006292
232 475000 0.005322
231 475000 0.005126
230 475000 0.005128
229 475000 0.005115
228 475000 0.005131
227 475000 0.005123
226 475000 0.005222
225 475000 0.006023
224 475000 0.00567
223 475000 0.005266
222 475000 0.005136
221 475000 0.005128
220 475000 0.005138
219 475000 0.005149
218 475000 0.005144
217 475000 0.005452
216 475000 0.006255
215 475000 0.005357
214 475000 0.005137
213 475000 0.005121
212 475000 0.005134
211 475000 0.005147
210 475000 0.005127
209 475000 0.005285
208 475000 0.006306
207 475000 0.005317
206 475000 0.005144
205 475000 0.00513
204 475000 0.005133
203 475000 0.005136
202 475000 0.005213
201 475000 0.005241
200 475000 0.006063
199 475000 0.005556
198 475000 0.005264
197 475000 0.005137
196 475000 0.005128
195 475000 0.00513
194 475000 0.005142
193 475000 0.005124
192 475000 0.005511
191 475000 0.006197
190 475000 0.005391
189 475000 0.005124
188 475000 0.005132
187 475000 0.005146
186 475000 0.005105
185 475000 0.00513
184 475000 0.005243
183 475000 0.006344
182 475000 0.005328
181 475000 0.005153
180 475000 0.005119
179 475000 0.005148
178 475000 0.00513
177 475000 0.005134
176 475000 0.005215
175 475000 0.005997
174 475000 0.005659
173 475000 0.005263
172 475000 0.005132
171 475000 0.005127
170 475000 0.005134
169 475000 0.005123
168 475000 0.005144
167 475000 0.005457
166 475000 0.006253
165 475000 0.005372
164 475000 0.005133
163 475000 0.005122
162 475000 0.005217
161 475000 0.005131
160 475000 0.00512
159 475000 0.005257
158 475000 0.006327
157 475000 0.005325
156 475000 0.005152
155 475000 0.005121
154 475000 0.005128
153 475000 0.005136
152 475000 0.005132
151 475000 0.005227
150 475000 0.006018
149 475000 0.005626
148 475000 0.005261
147 475000 0.005121
146 475000 0.005147
145 475000 0.005137
144 475000 0.005128
143 475000 0.005144
142 475000 0.005383
141 475000 0.005433
140 475000 0.0053
139 475000 0.005138
138 475000 0.005117
137 475000 0.005134
136 475000 0.005136
135 475000 0.005119
134 475000 0.005126
133 475000 0.005289
132 475000 0.006293
131 475000 0.005382
130 475000 0.005119
129 475000 0.005119
128 475000 0.005131
127 475000 0.005132
126 475000 0.005119
125 475000 0.005222
124 475000 0.006272
123 475000 0.005198
122 475000 0.006894
121 475000 0.006957
120 475000 0.006205
119 475000 0.005129
118 475000 0.005122
117 475000 0.005365
116 475000 0.005484
115 475000 0.005208
114 475000 0.005151
113 475000 0.005142
112 475000 0.005122
111 475000 0.005134
110 475000 0.005115
109 475000 0.005127
108 475000 0.006654
107 475000 0.006137
106 475000 0.005253
105 475000 0.005124
104 475000 0.005123
103 475000 0.005137
102 475000 0.005121
101 475000 0.005126
100 475000 0.00514
99 475000 0.005589
98 475000 0.006091
97 475000 0.005289
96 475000 0.005112
95 475000 0.00512
94 475000 0.005122
93 475000 0.005133
92 475000 0.005129
91 475000 0.005263
90 475000 0.006351
89 475000 0.005253
88 475000 0.005173
87 475000 0.005113
86 475000 0.005116
85 475000 0.005125
84 475000 0.005127
83 475000 0.005202
82 475000 0.005905
81 475000 0.005838
80 475000 0.005249
79 475000 0.005137
78 475000 0.00513
77 475000 0.005147
76 475000 0.00513
75 475000 0.005117
74 475000 0.005361
73 475000 0.00633
72 475000 0.00538
71 475000 0.005123
70 475000 0.005128
69 475000 0.005125
68 475000 0.005121
67 475000 0.005142
66 475000 0.005265
65 475000 0.006327
64 475000 0.005323
63 475000 0.005153
62 475000 0.005145
61 475000 0.005156
60 475000 0.005122
59 475000 0.005107
58 475000 0.005225
57 475000 0.006098
56 475000 0.005551
55 475000 0.005274
54 475000 0.005125
53 475000 0.005132
52 475000 0.005127
51 475000 0.005115
50 475000 0.005142
49 475000 0.005514
48 475000 0.006208
47 475000 0.005374
46 475000 0.005134
45 475000 0.005122
44 475000 0.00513
43 475000 0.005113
42 475000 0.005117
41 475000 0.005246
40 475000 0.006291
39 475000 0.005285
38 475000 0.005162
37 475000 0.005126
36 475000 0.005125
35 475000 0.005139
34 475000 0.005129
33 475000 0.005198
32 475000 0.005939
31 475000 0.00578
30 475000 0.005263
29 475000 0.005121
28 475000 0.005146
27 475000 0.005135
26 475000 0.005124
25 475000 0.005119
24 475000 0.005375
23 475000 0.00633
22 475000 0.00538
21 475000 0.005115
20 475000 0.00514
19 710484 0.007733
18 945968 0.010342
17 1029662 0.012814
16 29839799 0.336687
15 1556650549 17.495