k nbComp temps
999 475000 0.008314
998 475000 0.008302
997 475000 0.008311
996 475000 0.00831
995 475000 0.008852
994 475000 0.008576
993 475000 0.0083
992 475000 0.008312
991 475000 0.008298
990 475000 0.008859
989 475000 0.008455
988 475000 0.008404
987 475000 0.008326
986 475000 0.008294
985 475000 0.008714
984 475000 0.008428
983 475000 0.008299
982 475000 0.008302
981 475000 0.008296
980 475000 0.00879
979 475000 0.008425
978 475000 0.008314
977 475000 0.008315
976 475000 0.008307
975 475000 0.008731
974 475000 0.008435
973 475000 0.008306
972 475000 0.008307
971 475000 0.008959
970 475000 0.009904
969 475000 0.009551
968 475000 0.008653
967 475000 0.008909
966 475000 0.008604
965 475000 0.008315
964 475000 0.008674
963 475000 0.008981
962 475000 0.008608
961 475000 0.008895
960 475000 0.009162
959 475000 0.008436
958 475000 0.008658
957 475000 0.008522
956 475000 0.008391
955 475000 0.00856
954 475000 0.008455
953 475000 0.009722
952 475000 0.008447
951 475000 0.008531
950 475000 0.008383
949 475000 0.00872
948 475000 0.009905
947 475000 0.008763
946 475000 0.008494
945 475000 0.008417
944 475000 0.008587
943 475000 0.009623
942 475000 0.008605
941 475000 0.008517
940 475000 0.008303
939 475000 0.00834
938 475000 0.008553
937 475000 0.008471
936 475000 0.008338
935 475000 0.008272
934 475000 0.0083
933 475000 0.0083
932 475000 0.008312
931 475000 0.008322
930 475000 0.008338
929 475000 0.008295
928 475000 0.008377
927 475000 0.008302
926 475000 0.00832
925 475000 0.00832
924 475000 0.008309
923 475000 0.008308
922 475000 0.010452
921 475000 0.008412
920 475000 0.008453
919 475000 0.008311
918 475000 0.008323
917 475000 0.008336
916 475000 0.008501
915 475000 0.009577
914 475000 0.008496
913 475000 0.00832
912 475000 0.008367
911 475000 0.008426
910 475000 0.010509
909 475000 0.011043
908 475000 0.008664
907 475000 0.009618
906 475000 0.008499
905 475000 0.008287
904 475000 0.008328
903 475000 0.008342
902 475000 0.008767
901 475000 0.00857
900 475000 0.008543
899 475000 0.008395
898 475000 0.008436
897 475000 0.009445
896 475000 0.008747
895 475000 0.008339
894 475000 0.008344
893 475000 0.008296
892 475000 0.009119
891 475000 0.008791
890 475000 0.008501
889 475000 0.008351
888 475000 0.008298
887 475000 0.008757
886 475000 0.008985
885 475000 0.00841
884 475000 0.008307
883 475000 0.008317
882 475000 0.008394
881 475000 0.009472
880 475000 0.008363
879 475000 0.008336
878 475000 0.008307
877 475000 0.008302
876 475000 0.009064
875 475000 0.008826
874 475000 0.008374
873 475000 0.008326
872 475000 0.008305
871 475000 0.008772
870 475000 0.009123
869 475000 0.008358
868 475000 0.008303
867 475000 0.008313
866 475000 0.008363
865 475000 0.009521
864 475000 0.008575
863 475000 0.008348
862 475000 0.008302
861 475000 0.008297
860 475000 0.009051
859 475000 0.008857
858 475000 0.008332
857 475000 0.008308
856 475000 0.0083
855 475000 0.008766
854 475000 0.009094
853 475000 0.008633
852 475000 0.008326
851 475000 0.008298
850 475000 0.008368
849 475000 0.009437
848 475000 0.008381
847 475000 0.00832
846 475000 0.008299
845 475000 0.008308
844 475000 0.009075
843 475000 0.008835
842 475000 0.008359
841 475000 0.008319
840 475000 0.008304
839 475000 0.008767
838 475000 0.009164
837 475000 0.008347
836 475000 0.008325
835 475000 0.008299
834 475000 0.008373
833 475000 0.010381
832 475000 0.008775
831 475000 0.008311
830 475000 0.00829
829 475000 0.008292
828 475000 0.008365
827 475000 0.009571
826 475000 0.008386
825 475000 0.008287
824 475000 0.008315
823 475000 0.00835
822 475000 0.009618
821 475000 0.008427
820 475000 0.008295
819 475000 0.008279
818 475000 0.008314
817 475000 0.009541
816 475000 0.008369
815 475000 0.008284
814 475000 0.008292
813 475000 0.008291
812 475000 0.008841
811 475000 0.009289
810 475000 0.00833
809 475000 0.0083
808 475000 0.008296
807 475000 0.008338
806 475000 0.008491
805 475000 0.008355
804 475000 0.008305
803 475000 0.008296
802 475000 0.008309
801 475000 0.009387
800 475000 0.008501
799 475000 0.008334
798 475000 0.008306
797 475000 0.0083
796 475000 0.009019
795 475000 0.008884
794 475000 0.008345
793 475000 0.008363
792 475000 0.008323
791 475000 0.008761
790 475000 0.009142
789 475000 0.008387
788 475000 0.008312
787 475000 0.008306
786 475000 0.008375
785 475000 0.009447
784 475000 0.008403
783 475000 0.008315
782 475000 0.008311
781 475000 0.008298
780 475000 0.009067
779 475000 0.008806
778 475000 0.008364
777 475000 0.008317
776 475000 0.008308
775 475000 0.008743
774 475000 0.009147
773 475000 0.008349
772 475000 0.008306
771 475000 0.008307
770 475000 0.008373
769 475000 0.009437
768 475000 0.008582
767 475000 0.008343
766 475000 0.008308
765 475000 0.008292
764 475000 0.00904
763 475000 0.008852
762 475000 0.008352
761 475000 0.008307
760 475000 0.008298
759 475000 0.008751
758 475000 0.009051
757 475000 0.008505
756 475000 0.008324
755 475000 0.008309
754 475000 0.008365
753 475000 0.009472
752 475000 0.00836
751 475000 0.008313
750 475000 0.008293
749 475000 0.008297
748 475000 0.009036
747 475000 0.008833
746 475000 0.008363
745 475000 0.008328
744 475000 0.00831
743 475000 0.008775
742 475000 0.009127
741 475000 0.008357
740 475000 0.008298
739 475000 0.008291
738 475000 0.008535
737 475000 0.009418
736 475000 0.008612
735 475000 0.008327
734 475000 0.008914
733 475000 0.011034
732 475000 0.00983
731 475000 0.008588
730 475000 0.008544
729 475000 0.008325
728 475000 0.008301
727 475000 0.008763
726 475000 0.010208
725 475000 0.008447
724 475000 0.008311
723 475000 0.008275
722 475000 0.008358
721 475000 0.009541
720 475000 0.008381
719 475000 0.008282
718 475000 0.008293
717 475000 0.008297
716 475000 0.009173
715 475000 0.00899
714 475000 0.008299
713 475000 0.008283
712 475000 0.008287
711 475000 0.008367
710 475000 0.008595
709 475000 0.008339
708 475000 0.008307
707 475000 0.00831
706 475000 0.008298
705 475000 0.009443
704 475000 0.008517
703 475000 0.008331
702 475000 0.008284
701 475000 0.008311
700 475000 0.009044
699 475000 0.008853
698 475000 0.008327
697 475000 0.008294
696 475000 0.008309
695 475000 0.008792
694 475000 0.0091
693 475000 0.008423
692 475000 0.008306
691 475000 0.008306
690 475000 0.008384
689 475000 0.009448
688 475000 0.008358
687 475000 0.008316
686 475000 0.00831
685 475000 0.008302
684 475000 0.009041
683 475000 0.008811
682 475000 0.008368
681 475000 0.008309
680 475000 0.008285
679 475000 0.008754
678 475000 0.009132
677 475000 0.008336
676 475000 0.008317
675 475000 0.0083
674 475000 0.008368
673 475000 0.009413
672 475000 0.008584
671 475000 0.00833
670 475000 0.008371
669 475000 0.008321
668 475000 0.009089
667 475000 0.008912
666 475000 0.008397
665 475000 0.008316
664 475000 0.008302
663 475000 0.008756
662 475000 0.008992
661 475000 0.008376
660 475000 0.008302
659 475000 0.008308
658 475000 0.008379
657 475000 0.009444
656 475000 0.008384
655 475000 0.008314
654 475000 0.008299
653 475000 0.008298
652 475000 0.009055
651 475000 0.008819
650 475000 0.008396
649 475000 0.008309
648 475000 0.008294
647 475000 0.008768
646 475000 0.0091
645 475000 0.00835
644 475000 0.008322
643 475000 0.008318
642 475000 0.008373
641 475000 0.009454
640 475000 0.008583
639 475000 0.008329
638 475000 0.008316
637 475000 0.008295
636 475000 0.009025
635 475000 0.008854
634 475000 0.008344
633 475000 0.008302
632 475000 0.008295
631 475000 0.008783
630 475000 0.009031
629 475000 0.008405
628 475000 0.008317
627 475000 0.008304
626 475000 0.008362
625 475000 0.009436
624 475000 0.008362
623 475000 0.008322
622 475000 0.008288
621 475000 0.008299
620 475000 0.009272
619 475000 0.008809
618 475000 0.008382
617 475000 0.008298
616 475000 0.008314
615 475000 0.008761
614 475000 0.00912
613 475000 0.008368
612 475000 0.008296
611 475000 0.008305
610 475000 0.008376
609 475000 0.009395
608 475000 0.008624
607 475000 0.008322
606 475000 0.008303
605 475000 0.008308
604 475000 0.00912
603 475000 0.00877
602 475000 0.00833
601 475000 0.008311
600 475000 0.008316
599 475000 0.008763
598 475000 0.010215
597 475000 0.008401
596 475000 0.008298
595 475000 0.008296
594 475000 0.008291
593 475000 0.009526
592 475000 0.008397
591 475000 0.008308
590 475000 0.008302
589 475000 0.008292
588 475000 0.008834
587 475000 0.009288
586 475000 0.008325
585 475000 0.008286
584 475000 0.008302
583 475000 0.008366
582 475000 0.009577
581 475000 0.00849
580 475000 0.008287
579 475000 0.008304
578 475000 0.008374
577 475000 0.009634
576 475000 0.008517
575 475000 0.008311
574 475000 0.008298
573 475000 0.008363
572 475000 0.009549
571 475000 0.008538
570 475000 0.008299
569 475000 0.008293
568 475000 0.008347
567 475000 0.009684
566 475000 0.008531
565 475000 0.008293
564 475000 0.008303
563 475000 0.008275
562 475000 0.009562
561 475000 0.00858
560 475000 0.00829
559 475000 0.008299
558 475000 0.0083
557 475000 0.010497
556 475000 0.01115
555 475000 0.009722
554 475000 0.00851
553 475000 0.008301
552 475000 0.008382
551 475000 0.008347
550 475000 0.009668
549 475000 0.008506
548 475000 0.008344
547 475000 0.008297
546 475000 0.008377
545 475000 0.009693
544 475000 0.008476
543 475000 0.008365
542 475000 0.008341
541 475000 0.008324
540 475000 0.009472
539 475000 0.008815
538 475000 0.008314
537 475000 0.008311
536 475000 0.008298
535 475000 0.009539
534 475000 0.008478
533 475000 0.008399
532 475000 0.008311
531 475000 0.008284
530 475000 0.008347
529 475000 0.009623
528 475000 0.008516
527 475000 0.008319
526 475000 0.0083
525 475000 0.008455
524 475000 0.009555
523 475000 0.008538
522 475000 0.00829
521 475000 0.008304
520 475000 0.008334
519 475000 0.008505
518 475000 0.008718
517 475000 0.008343
516 475000 0.008322
515 475000 0.008314
514 475000 0.00954
513 475000 0.008367
512 475000 0.008319
511 475000 0.008294
510 475000 0.008306
509 475000 0.009045
508 475000 0.008837
507 475000 0.008376
506 475000 0.008418
505 475000 0.008307
504 475000 0.008758
503 475000 0.009094
502 475000 0.008363
501 475000 0.008309
500 475000 0.008317
499 475000 0.008373
498 475000 0.009442
497 475000 0.00858
496 475000 0.008326
495 475000 0.00831
494 475000 0.008316
493 475000 0.00906
492 475000 0.008856
491 475000 0.008354
490 475000 0.008306
489 475000 0.008311
488 475000 0.008761
487 475000 0.009024
486 475000 0.008419
485 475000 0.008311
484 475000 0.008302
483 475000 0.008368
482 475000 0.009436
481 475000 0.008369
480 475000 0.008327
479 475000 0.008308
478 475000 0.008319
477 475000 0.009125
476 475000 0.008773
475 475000 0.008362
474 475000 0.008393
473 475000 0.008316
472 475000 0.00905
471 475000 0.008819
470 475000 0.008346
469 475000 0.00832
468 475000 0.008315
467 475000 0.008788
466 475000 0.009024
465 475000 0.0084
464 475000 0.008319
463 475000 0.008321
462 475000 0.008409
461 475000 0.009424
460 475000 0.00838
459 475000 0.008336
458 475000 0.008308
457 475000 0.008293
456 475000 0.009051
455 475000 0.008798
454 475000 0.008367
453 475000 0.008336
452 475000 0.008307
451 475000 0.008734
450 475000 0.009115
449 475000 0.008351
448 475000 0.008315
447 475000 0.008314
446 475000 0.008378
445 475000 0.009421
444 475000 0.008762
443 475000 0.008337
442 475000 0.00831
441 475000 0.008316
440 475000 0.009054
439 475000 0.008942
438 475000 0.008567
437 475000 0.008326
436 475000 0.008314
435 475000 0.009027
434 475000 0.008957
433 475000 0.008515
432 475000 0.008311
431 475000 0.008319
430 475000 0.008764
429 475000 0.009112
428 475000 0.008519
427 475000 0.008319
426 475000 0.008306
425 475000 0.008525
424 475000 0.009766
423 475000 0.009126
422 475000 0.008299
421 475000 0.008922
420 475000 0.008336
419 475000 0.00859
418 475000 0.008386
417 475000 0.008313
416 475000 0.008307
415 475000 0.008318
414 475000 0.00936
413 475000 0.008527
412 475000 0.008331
411 475000 0.008309
410 475000 0.008321
409 475000 0.009123
408 475000 0.0088
407 475000 0.008366
406 475000 0.00832
405 475000 0.008308
404 475000 0.008773
403 475000 0.009009
402 475000 0.008387
401 475000 0.008312
400 475000 0.008295
399 475000 0.008395
398 475000 0.009437
397 475000 0.008403
396 475000 0.008341
395 475000 0.008324
394 475000 0.008317
393 475000 0.009056
392 475000 0.00881
391 475000 0.008406
390 475000 0.008321
389 475000 0.00846
388 475000 0.008774
387 475000 0.009043
386 475000 0.008351
385 475000 0.008309
384 475000 0.008304
383 475000 0.00837
382 475000 0.009408
381 475000 0.010512
380 475000 0.011007
379 475000 0.008502
378 475000 0.008461
377 475000 0.009499
376 475000 0.008406
375 475000 0.008291
374 475000 0.008312
373 475000 0.008305
372 475000 0.009059
371 475000 0.008822
370 475000 0.008367
369 475000 0.008321
368 475000 0.00831
367 475000 0.008752
366 475000 0.009092
365 475000 0.008359
364 475000 0.008316
363 475000 0.008306
362 475000 0.0084
361 475000 0.009413
360 475000 0.008571
359 475000 0.008336
358 475000 0.008311
357 475000 0.008286
356 475000 0.009046
355 475000 0.008869
354 475000 0.00834
353 475000 0.008321
352 475000 0.008318
351 475000 0.008765
350 475000 0.009049
349 475000 0.008423
348 475000 0.008306
347 475000 0.008321
346 475000 0.008371
345 475000 0.009445
344 475000 0.008394
343 475000 0.008312
342 475000 0.008305
341 475000 0.008302
340 475000 0.009106
339 475000 0.008811
338 475000 0.008366
337 475000 0.008312
336 475000 0.008308
335 475000 0.008776
334 475000 0.009169
333 475000 0.008349
332 475000 0.008311
331 475000 0.00831
330 475000 0.008354
329 475000 0.00941
328 475000 0.008605
327 475000 0.008331
326 475000 0.008295
325 475000 0.008312
324 475000 0.009061
323 475000 0.008836
322 475000 0.008373
321 475000 0.00838
320 475000 0.00832
319 475000 0.008755
318 475000 0.009073
317 475000 0.008388
316 475000 0.00832
315 475000 0.0083
314 475000 0.008378
313 475000 0.009425
312 475000 0.008356
311 475000 0.008314
310 475000 0.008309
309 475000 0.008319
308 475000 0.009052
307 475000 0.008837
306 475000 0.00838
305 475000 0.008316
304 475000 0.008303
303 475000 0.008753
302 475000 0.009112
301 475000 0.008377
300 475000 0.008324
299 475000 0.008303
298 475000 0.008365
297 475000 0.009441
296 475000 0.008586
295 475000 0.008332
294 475000 0.008301
293 475000 0.008414
292 475000 0.009059
291 475000 0.008824
290 475000 0.008354
289 475000 0.008312
288 475000 0.008311
287 475000 0.008776
286 475000 0.009007
285 475000 0.008418
284 475000 0.008312
283 475000 0.008321
282 475000 0.008393
281 475000 0.009429
280 475000 0.008369
279 475000 0.008323
278 475000 0.008311
277 475000 0.008308
276 475000 0.009103
275 475000 0.008785
274 475000 0.008482
273 475000 0.008323
272 475000 0.008323
271 475000 0.008764
270 475000 0.009066
269 475000 0.008342
268 475000 0.008326
267 475000 0.008318
266 475000 0.008393
265 475000 0.009397
264 475000 0.008592
263 475000 0.008329
262 475000 0.008323
261 475000 0.008314
260 475000 0.009064
259 475000 0.008844
258 475000 0.008355
257 475000 0.008315
256 475000 0.008295
255 475000 0.008764
254 475000 0.009063
253 475000 0.008395
252 475000 0.008321
251 475000 0.0083
250 475000 0.008375
249 475000 0.009453
248 475000 0.008388
247 475000 0.008315
246 475000 0.008346
245 475000 0.008315
244 475000 0.009074
243 475000 0.00884
242 475000 0.008372
241 475000 0.008308
240 475000 0.008307
239 475000 0.008781
238 475000 0.009101
237 475000 0.008355
236 475000 0.008308
235 475000 0.008301
234 475000 0.008382
233 475000 0.010551
232 475000 0.008632
231 475000 0.008297
230 475000 0.008352
229 475000 0.00829
228 475000 0.008363
227 475000 0.009635
226 475000 0.008515
225 475000 0.008293
224 475000 0.008308
223 475000 0.008356
222 475000 0.0096
221 475000 0.008548
220 475000 0.008316
219 475000 0.008305
218 475000 0.008361
217 475000 0.009567
216 475000 0.008536
215 475000 0.008289
214 475000 0.008298
213 475000 0.008305
212 475000 0.009493
211 475000 0.008787
210 475000 0.008306
209 475000 0.008306
208 475000 0.008295
207 475000 0.009568
206 475000 0.008533
205 475000 0.009227
204 475000 0.011023
203 475000 0.009746
202 475000 0.008572
201 475000 0.008342
200 475000 0.008307
199 475000 0.008756
198 475000 0.009053
197 475000 0.008395
196 475000 0.008311
195 475000 0.00829
194 475000 0.008373
193 475000 0.009391
192 475000 0.008589
191 475000 0.008349
190 475000 0.008303
189 475000 0.008298
188 475000 0.009155
187 475000 0.008829
186 475000 0.008341
185 475000 0.008312
184 475000 0.008317
183 475000 0.008782
182 475000 0.009004
181 475000 0.008416
180 475000 0.008309
179 475000 0.008308
178 475000 0.008364
177 475000 0.009434
176 475000 0.008379
175 475000 0.008304
174 475000 0.00832
173 475000 0.008303
172 475000 0.009091
171 475000 0.009947
170 475000 0.008389
169 475000 0.008305
168 475000 0.008286
167 475000 0.008298
166 475000 0.009461
165 475000 0.008727
164 475000 0.008314
163 475000 0.0083
162 475000 0.008295
161 475000 0.008361
160 475000 0.009603
159 475000 0.008501
158 475000 0.008294
157 475000 0.008312
156 475000 0.008364
155 475000 0.009556
154 475000 0.008516
153 475000 0.008295
152 475000 0.008303
151 475000 0.008345
150 475000 0.008552
149 475000 0.008704
148 475000 0.00835
147 475000 0.008317
146 475000 0.008329
145 475000 0.009527
144 475000 0.008404
143 475000 0.00833
142 475000 0.008322
141 475000 0.0083
140 475000 0.009056
139 475000 0.008812
138 475000 0.008385
137 475000 0.008326
136 475000 0.00831
135 475000 0.008761
134 475000 0.009088
133 475000 0.008357
132 475000 0.0083
131 475000 0.008309
130 475000 0.008417
129 475000 0.00941
128 475000 0.008571
127 475000 0.008339
126 475000 0.008371
125 475000 0.008311
124 475000 0.009055
123 475000 0.008845
122 475000 0.008339
121 475000 0.008328
120 475000 0.008304
119 475000 0.008761
118 475000 0.009002
117 475000 0.008404
116 475000 0.008311
115 475000 0.008332
114 475000 0.008371
113 475000 0.009503
112 475000 0.00838
111 475000 0.008301
110 475000 0.008292
109 475000 0.008299
108 475000 0.009103
107 475000 0.008825
106 475000 0.008381
105 475000 0.008305
104 475000 0.008314
103 475000 0.008774
102 475000 0.009145
101 475000 0.00834
100 475000 0.008321
99 475000 0.008314
98 475000 0.008442
97 475000 0.009404
96 475000 0.008597
95 475000 0.008334
94 475000 0.008288
93 475000 0.008289
92 475000 0.009053
91 475000 0.008837
90 475000 0.00836
89 475000 0.00832
88 475000 0.008308
87 475000 0.008771
86 475000 0.009075
85 475000 0.00839
84 475000 0.008313
83 475000 0.008299
82 475000 0.008354
81 475000 0.009443
80 475000 0.008363
79 475000 0.008316
78 475000 0.008318
77 475000 0.008307
76 475000 0.00904
75 475000 0.008867
74 475000 0.008359
73 475000 0.008309
72 475000 0.008304
71 475000 0.008787
70 475000 0.00912
69 475000 0.008363
68 475000 0.008304
67 475000 0.008313
66 475000 0.008383
65 475000 0.009438
64 475000 0.00856
63 475000 0.008318
62 475000 0.008299
61 475000 0.008409
60 475000 0.009097
59 475000 0.008802
58 475000 0.00834
57 475000 0.008323
56 475000 0.008307
55 475000 0.008979
54 475000 0.008948
53 475000 0.008414
52 475000 0.008309
51 475000 0.008316
50 475000 0.008357
49 475000 0.009385
48 475000 0.008381
47 475000 0.008329
46 475000 0.00831
45 475000 0.008311
44 475000 0.009499
43 475000 0.008574
42 475000 0.008457
41 475000 0.008309
40 475000 0.008323
39 475000 0.009067
38 475000 0.008785
37 475000 0.008348
36 475000 0.008309
35 475000 0.00831
34 475000 0.008751
33 475000 0.009021
32 475000 0.008408
31 475000 0.008335
30 475000 0.008309
29 475000 0.00837
28 475000 0.011172
27 475000 0.010822
26 475000 0.008536
25 475000 0.008849
24 475000 0.008335
23 475000 0.008347
22 475000 0.00838
21 475000 0.00948
20 475000 0.008513
19 711060 0.014083
18 947120 0.018597
17 1982277 0.037996
16 38753904 0.767241
15 3640670754 72.6524 
