k nbComp temps
999 475000 0.006189
998 475000 0.005151
997 475000 0.005154
996 475000 0.006133
995 475000 0.005379
994 475000 0.005301
993 475000 0.005173
992 475000 0.005159
991 475000 0.005154
990 475000 0.005172
989 475000 0.005152
988 475000 0.005621
987 475000 0.007007
986 475000 0.005186
985 475000 0.00526
984 475000 0.005126
983 475000 0.005132
982 475000 0.005235
981 475000 0.005144
980 475000 0.005141
979 475000 0.00528
978 475000 0.006352
977 475000 0.005329
976 475000 0.00521
975 475000 0.005143
974 475000 0.005141
973 475000 0.005131
972 475000 0.005136
971 475000 0.005227
970 475000 0.006219
969 475000 0.005203
968 475000 0.005285
967 475000 0.005139
966 475000 0.005126
965 475000 0.005139
964 475000 0.00514
963 475000 0.005125
962 475000 0.005586
961 475000 0.006185
960 475000 0.005391
959 475000 0.005317
958 475000 0.00543
957 475000 0.006014
956 475000 0.006857
955 475000 0.005525
954 475000 0.006796
953 475000 0.005303
952 475000 0.005381
951 475000 0.005423
950 475000 0.005229
949 475000 0.005311
948 475000 0.005408
947 475000 0.005309
946 475000 0.006063
945 475000 0.005579
944 475000 0.00519
943 475000 0.005143
942 475000 0.005238
941 475000 0.005177
940 475000 0.005151
939 475000 0.005206
938 475000 0.00554
937 475000 0.006406
936 475000 0.005763
935 475000 0.005312
934 475000 0.005151
933 475000 0.005758
932 475000 0.005246
931 475000 0.005139
930 475000 0.006343
929 475000 0.006416
928 475000 0.005176
927 475000 0.005306
926 475000 0.005145
925 475000 0.005147
924 475000 0.005364
923 475000 0.005383
922 475000 0.005269
921 475000 0.005742
920 475000 0.005203
919 475000 0.005161
918 475000 0.005479
917 475000 0.005279
916 475000 0.005156
915 475000 0.00551
914 475000 0.005159
913 475000 0.007001
912 475000 0.006367
911 475000 0.005172
910 475000 0.005142
909 475000 0.005152
908 475000 0.005155
907 475000 0.00513
906 475000 0.005153
905 475000 0.005254
904 475000 0.006233
903 475000 0.0052
902 475000 0.005263
901 475000 0.005143
900 475000 0.005187
899 475000 0.005165
898 475000 0.005153
897 475000 0.005173
896 475000 0.005171
895 475000 0.005142
894 475000 0.005156
893 475000 0.005167
892 475000 0.005143
891 475000 0.005147
890 475000 0.005164
889 475000 0.005151
888 475000 0.005161
887 475000 0.005146
886 475000 0.005155
885 475000 0.005162
884 475000 0.005145
883 475000 0.005156
882 475000 0.00526
881 475000 0.005175
880 475000 0.005244
879 475000 0.005135
878 475000 0.005143
877 475000 0.005143
876 475000 0.005147
875 475000 0.005142
874 475000 0.005158
873 475000 0.005163
872 475000 0.005159
871 475000 0.005169
870 475000 0.005155
869 475000 0.005165
868 475000 0.005178
867 475000 0.00514
866 475000 0.005222
865 475000 0.005139
864 475000 0.005157
863 475000 0.005142
862 475000 0.005173
861 475000 0.005155
860 475000 0.005141
859 475000 0.005157
858 475000 0.005654
857 475000 0.00649
856 475000 0.005183
855 475000 0.005235
854 475000 0.005166
853 475000 0.005144
852 475000 0.005148
851 475000 0.005155
850 475000 0.005216
849 475000 0.005229
848 475000 0.006175
847 475000 0.005223
846 475000 0.005211
845 475000 0.005146
844 475000 0.005157
843 475000 0.005168
842 475000 0.005174
841 475000 0.005199
840 475000 0.005815
839 475000 0.007264
838 475000 0.006887
837 475000 0.006727
836 475000 0.006698
835 475000 0.006649
834 475000 0.007351
833 475000 0.006736
832 475000 0.006604
831 475000 0.00656
830 475000 0.006586
829 475000 0.006565
828 475000 0.006616
827 475000 0.007444
826 475000 0.006689
825 475000 0.006632
824 475000 0.00658
823 475000 0.006572
822 475000 0.006617
821 475000 0.006608
820 475000 0.007398
819 475000 0.00672
818 475000 0.006596
817 475000 0.006615
816 475000 0.006597
815 475000 0.006581
814 475000 0.00662
813 475000 0.007398
812 475000 0.00668
811 475000 0.006587
810 475000 0.006621
809 475000 0.006611
808 475000 0.006594
807 475000 0.006654
806 475000 0.007391
805 475000 0.006736
804 475000 0.006587
803 475000 0.006562
802 475000 0.006578
801 475000 0.00658
800 475000 0.006631
799 475000 0.007389
798 475000 0.006714
797 475000 0.006567
796 475000 0.006548
795 475000 0.006581
794 475000 0.006598
793 475000 0.006727
792 475000 0.007428
791 475000 0.006683
790 475000 0.006557
789 475000 0.006595
788 475000 0.006586
787 475000 0.0066
786 475000 0.006617
785 475000 0.007381
784 475000 0.00674
783 475000 0.006585
782 475000 0.006588
781 475000 0.006649
780 475000 0.006567
779 475000 0.006611
778 475000 0.007403
777 475000 0.006765
776 475000 0.00665
775 475000 0.006575
774 475000 0.006645
773 475000 0.006586
772 475000 0.006601
771 475000 0.007332
770 475000 0.006702
769 475000 0.006611
768 475000 0.006941
767 475000 0.00704
766 475000 0.007007
765 475000 0.006719
764 475000 0.007348
763 475000 0.00668
762 475000 0.006554
761 475000 0.006589
760 475000 0.006578
759 475000 0.006569
758 475000 0.00736
757 475000 0.006838
756 475000 0.006628
755 475000 0.006591
754 475000 0.006588
753 475000 0.006581
752 475000 0.006615
751 475000 0.007434
750 475000 0.00663
749 475000 0.006585
748 475000 0.006597
747 475000 0.006615
746 475000 0.006586
745 475000 0.006646
744 475000 0.007404
743 475000 0.006711
742 475000 0.006573
741 475000 0.006594
740 475000 0.006614
739 475000 0.006648
738 475000 0.006645
737 475000 0.007415
736 475000 0.006713
735 475000 0.006576
734 475000 0.006582
733 475000 0.006616
732 475000 0.006606
731 475000 0.006623
730 475000 0.007429
729 475000 0.006809
728 475000 0.006607
727 475000 0.006618
726 475000 0.006655
725 475000 0.006577
724 475000 0.00663
723 475000 0.007338
722 475000 0.00673
721 475000 0.006562
720 475000 0.00658
719 475000 0.006618
718 475000 0.006585
717 475000 0.006635
716 475000 0.007421
715 475000 0.00671
714 475000 0.00659
713 475000 0.006582
712 475000 0.006615
711 475000 0.006607
710 475000 0.006631
709 475000 0.00741
708 475000 0.006721
707 475000 0.006603
706 475000 0.00659
705 475000 0.006629
704 475000 0.006593
703 475000 0.006691
702 475000 0.007403
701 475000 0.00677
700 475000 0.006604
699 475000 0.006577
698 475000 0.006592
697 475000 0.006614
696 475000 0.006615
695 475000 0.007405
694 475000 0.006755
693 475000 0.006614
692 475000 0.006583
691 475000 0.006551
690 475000 0.006589
689 475000 0.006618
688 475000 0.007403
687 475000 0.006777
686 475000 0.006617
685 475000 0.006593
684 475000 0.006631
683 475000 0.00662
682 475000 0.006621
681 475000 0.007416
680 475000 0.006723
679 475000 0.006599
678 475000 0.006587
677 475000 0.006612
676 475000 0.006611
675 475000 0.006621
674 475000 0.00738
673 475000 0.006689
672 475000 0.006596
671 475000 0.006593
670 475000 0.006629
669 475000 0.006603
668 475000 0.00665
667 475000 0.007474
666 475000 0.00675
665 475000 0.006586
664 475000 0.006577
663 475000 0.006623
662 475000 0.006598
661 475000 0.006638
660 475000 0.007365
659 475000 0.006712
658 475000 0.006581
657 475000 0.006654
656 475000 0.006634
655 475000 0.006615
654 475000 0.006625
653 475000 0.007447
652 475000 0.006742
651 475000 0.006591
650 475000 0.006597
649 475000 0.006618
648 475000 0.006613
647 475000 0.006624
646 475000 0.007408
645 475000 0.006761
644 475000 0.006606
643 475000 0.006617
642 475000 0.006626
641 475000 0.006579
640 475000 0.006657
639 475000 0.007394
638 475000 0.006679
637 475000 0.006579
636 475000 0.006584
635 475000 0.006604
634 475000 0.006624
633 475000 0.006682
632 475000 0.007418
631 475000 0.006716
630 475000 0.006594
629 475000 0.006596
628 475000 0.006579
627 475000 0.006544
626 475000 0.006593
625 475000 0.007464
624 475000 0.006716
623 475000 0.006622
622 475000 0.006593
621 475000 0.006633
620 475000 0.006566
619 475000 0.006603
618 475000 0.007375
617 475000 0.006725
616 475000 0.006734
615 475000 0.006985
614 475000 0.006834
613 475000 0.006692
612 475000 0.006785
611 475000 0.007376
610 475000 0.006718
609 475000 0.006643
608 475000 0.006569
607 475000 0.006586
606 475000 0.006605
605 475000 0.007289
604 475000 0.00682
603 475000 0.006628
602 475000 0.006565
601 475000 0.006619
600 475000 0.006578
599 475000 0.006622
598 475000 0.007429
597 475000 0.006705
596 475000 0.006637
595 475000 0.006549
594 475000 0.006599
593 475000 0.006623
592 475000 0.006652
591 475000 0.00749
590 475000 0.006714
589 475000 0.006604
588 475000 0.00659
587 475000 0.006612
586 475000 0.006623
585 475000 0.006642
584 475000 0.007401
583 475000 0.006767
582 475000 0.006589
581 475000 0.006603
580 475000 0.006593
579 475000 0.006594
578 475000 0.006641
577 475000 0.007428
576 475000 0.006758
575 475000 0.00657
574 475000 0.006591
573 475000 0.006587
572 475000 0.006627
571 475000 0.00664
570 475000 0.007385
569 475000 0.006675
568 475000 0.006609
567 475000 0.006594
566 475000 0.006579
565 475000 0.006576
564 475000 0.006637
563 475000 0.007427
562 475000 0.006722
561 475000 0.006593
560 475000 0.006603
559 475000 0.006633
558 475000 0.006604
557 475000 0.006601
556 475000 0.007481
555 475000 0.006746
554 475000 0.006621
553 475000 0.006588
552 475000 0.006621
551 475000 0.00659
550 475000 0.006625
549 475000 0.007401
548 475000 0.00671
547 475000 0.006669
546 475000 0.006615
545 475000 0.006588
544 475000 0.006552
543 475000 0.006634
542 475000 0.007439
541 475000 0.006783
540 475000 0.006589
539 475000 0.006598
538 475000 0.006598
537 475000 0.0066
536 475000 0.006638
535 475000 0.007383
534 475000 0.006739
533 475000 0.006617
532 475000 0.006587
531 475000 0.006608
530 475000 0.006588
529 475000 0.006617
528 475000 0.007386
527 475000 0.006706
526 475000 0.006599
525 475000 0.00657
524 475000 0.006644
523 475000 0.0066
522 475000 0.006588
521 475000 0.007397
520 475000 0.006699
519 475000 0.006574
518 475000 0.006621
517 475000 0.006636
516 475000 0.006587
515 475000 0.006644
514 475000 0.007384
513 475000 0.006692
512 475000 0.006575
511 475000 0.006588
510 475000 0.00661
509 475000 0.006577
508 475000 0.006591
507 475000 0.007434
506 475000 0.006716
505 475000 0.006549
504 475000 0.006571
503 475000 0.00659
502 475000 0.006581
501 475000 0.006597
500 475000 0.007427
499 475000 0.006728
498 475000 0.006577
497 475000 0.006577
496 475000 0.006603
495 475000 0.006617
494 475000 0.006621
493 475000 0.007386
492 475000 0.00669
491 475000 0.006598
490 475000 0.006572
489 475000 0.006621
488 475000 0.006625
487 475000 0.006621
486 475000 0.00739
485 475000 0.006721
484 475000 0.006625
483 475000 0.006592
482 475000 0.006613
481 475000 0.006657
480 475000 0.006621
479 475000 0.007412
478 475000 0.006702
477 475000 0.006605
476 475000 0.006561
475 475000 0.006611
474 475000 0.006582
473 475000 0.006664
472 475000 0.007405
471 475000 0.006695
470 475000 0.006567
469 475000 0.006564
468 475000 0.006597
467 475000 0.006582
466 475000 0.006616
465 475000 0.007426
464 475000 0.00673
463 475000 0.006635
462 475000 0.006542
461 475000 0.006607
460 475000 0.006649
459 475000 0.006624
458 475000 0.007394
457 475000 0.006711
456 475000 0.006572
455 475000 0.006597
454 475000 0.006581
453 475000 0.006589
452 475000 0.006627
451 475000 0.007411
450 475000 0.00674
449 475000 0.006583
448 475000 0.006584
447 475000 0.006576
446 475000 0.006627
445 475000 0.00662
444 475000 0.00742
443 475000 0.006739
442 475000 0.006588
441 475000 0.006538
440 475000 0.006594
439 475000 0.00659
438 475000 0.00662
437 475000 0.007451
436 475000 0.006745
435 475000 0.006586
434 475000 0.006586
433 475000 0.006607
432 475000 0.006633
431 475000 0.006642
430 475000 0.007399
429 475000 0.006733
428 475000 0.00658
427 475000 0.006572
426 475000 0.006547
425 475000 0.006616
424 475000 0.006634
423 475000 0.007393
422 475000 0.006684
421 475000 0.006588
420 475000 0.0066
419 475000 0.00659
418 475000 0.00659
417 475000 0.006646
416 475000 0.007372
415 475000 0.006712
414 475000 0.006591
413 475000 0.006556
412 475000 0.006599
411 475000 0.006578
410 475000 0.006644
409 475000 0.00738
408 475000 0.006732
407 475000 0.006633
406 475000 0.006573
405 475000 0.006588
404 475000 0.006615
403 475000 0.006618
402 475000 0.007402
401 475000 0.006681
400 475000 0.006567
399 475000 0.006606
398 475000 0.006585
397 475000 0.006557
396 475000 0.006617
395 475000 0.007421
394 475000 0.006751
393 475000 0.006589
392 475000 0.006684
391 475000 0.007011
390 475000 0.006856
389 475000 0.006672
388 475000 0.007429
387 475000 0.006744
386 475000 0.00663
385 475000 0.006554
384 475000 0.006595
383 475000 0.006577
382 475000 0.007234
381 475000 0.006994
380 475000 0.006606
379 475000 0.006592
378 475000 0.006621
377 475000 0.00657
376 475000 0.006643
375 475000 0.00744
374 475000 0.006735
373 475000 0.006616
372 475000 0.006595
371 475000 0.006576
370 475000 0.006569
369 475000 0.006613
368 475000 0.007402
367 475000 0.006726
366 475000 0.006629
365 475000 0.006624
364 475000 0.006603
363 475000 0.006571
362 475000 0.006647
361 475000 0.007382
360 475000 0.006725
359 475000 0.006636
358 475000 0.006606
357 475000 0.006621
356 475000 0.006602
355 475000 0.006627
354 475000 0.007388
353 475000 0.006702
352 475000 0.006586
351 475000 0.006576
350 475000 0.006583
349 475000 0.006615
348 475000 0.006632
347 475000 0.007467
346 475000 0.006744
345 475000 0.006599
344 475000 0.006569
343 475000 0.006562
342 475000 0.00656
341 475000 0.00661
340 475000 0.007423
339 475000 0.00673
338 475000 0.006624
337 475000 0.006636
336 475000 0.006616
335 475000 0.006617
334 475000 0.0066
333 475000 0.007432
332 475000 0.006871
331 475000 0.006576
330 475000 0.006565
329 475000 0.006634
328 475000 0.006601
327 475000 0.006595
326 475000 0.007396
325 475000 0.006735
324 475000 0.006597
323 475000 0.006582
322 475000 0.006583
321 475000 0.006584
320 475000 0.006615
319 475000 0.007398
318 475000 0.006686
317 475000 0.006579
316 475000 0.006586
315 475000 0.006588
314 475000 0.00657
313 475000 0.00664
312 475000 0.007429
311 475000 0.006727
310 475000 0.006585
309 475000 0.006524
308 475000 0.006572
307 475000 0.006572
306 475000 0.006603
305 475000 0.007421
304 475000 0.006727
303 475000 0.006598
302 475000 0.006621
301 475000 0.006596
300 475000 0.006576
299 475000 0.006594
298 475000 0.007415
297 475000 0.006741
296 475000 0.006577
295 475000 0.006578
294 475000 0.006603
293 475000 0.006566
292 475000 0.006643
291 475000 0.007427
290 475000 0.006714
289 475000 0.006587
288 475000 0.006619
287 475000 0.006605
286 475000 0.006589
285 475000 0.006642
284 475000 0.007392
283 475000 0.006702
282 475000 0.00659
281 475000 0.006562
280 475000 0.006623
279 475000 0.006584
278 475000 0.00662
277 475000 0.007433
276 475000 0.006709
275 475000 0.006589
274 475000 0.006571
273 475000 0.006634
272 475000 0.006597
271 475000 0.006645
270 475000 0.007444
269 475000 0.006725
268 475000 0.006599
267 475000 0.00661
266 475000 0.00658
265 475000 0.006627
264 475000 0.006653
263 475000 0.007434
262 475000 0.006771
261 475000 0.006574
260 475000 0.006565
259 475000 0.006604
258 475000 0.006568
257 475000 0.006644
256 475000 0.007395
255 475000 0.006717
254 475000 0.006593
253 475000 0.006581
252 475000 0.006611
251 475000 0.006657
250 475000 0.006629
249 475000 0.007376
248 475000 0.006756
247 475000 0.006602
246 475000 0.006671
245 475000 0.006646
244 475000 0.006599
243 475000 0.006617
242 475000 0.007426
241 475000 0.006742
240 475000 0.006613
239 475000 0.006597
238 475000 0.006639
237 475000 0.006613
236 475000 0.006624
235 475000 0.007421
234 475000 0.006699
233 475000 0.006576
232 475000 0.00658
231 475000 0.006625
230 475000 0.006574
229 475000 0.006631
228 475000 0.007472
227 475000 0.006714
226 475000 0.006579
225 475000 0.006591
224 475000 0.006603
223 475000 0.006589
222 475000 0.006615
221 475000 0.007417
220 475000 0.006737
219 475000 0.006603
218 475000 0.006579
217 475000 0.006606
216 475000 0.006594
215 475000 0.006624
214 475000 0.007377
213 475000 0.006714
212 475000 0.006593
211 475000 0.006565
210 475000 0.006582
209 475000 0.006575
208 475000 0.006612
207 475000 0.00741
206 475000 0.006741
205 475000 0.006583
204 475000 0.006582
203 475000 0.006592
202 475000 0.006598
201 475000 0.006618
200 475000 0.007415
199 475000 0.006689
198 475000 0.006607
197 475000 0.006572
196 475000 0.006591
195 475000 0.006581
194 475000 0.006646
193 475000 0.007417
192 475000 0.006708
191 475000 0.006587
190 475000 0.006631
189 475000 0.006603
188 475000 0.006597
187 475000 0.006588
186 475000 0.007423
185 475000 0.00674
184 475000 0.006624
183 475000 0.006596
182 475000 0.006595
181 475000 0.006578
180 475000 0.006608
179 475000 0.007396
178 475000 0.006698
177 475000 0.006609
176 475000 0.006594
175 475000 0.006594
174 475000 0.006586
173 475000 0.006621
172 475000 0.007376
171 475000 0.006695
170 475000 0.006575
169 475000 0.006593
168 475000 0.006604
167 475000 0.007039
166 475000 0.007009
165 475000 0.007432
164 475000 0.006771
163 475000 0.006601
162 475000 0.006546
161 475000 0.006586
160 475000 0.006569
159 475000 0.007219
158 475000 0.006963
157 475000 0.006974
156 475000 0.006939
155 475000 0.006711
154 475000 0.006519
153 475000 0.006764
152 475000 0.007351
151 475000 0.006706
150 475000 0.006574
149 475000 0.006575
148 475000 0.006606
147 475000 0.00664
146 475000 0.007365
145 475000 0.006817
144 475000 0.006642
143 475000 0.006585
142 475000 0.006582
141 475000 0.006566
140 475000 0.006622
139 475000 0.007448
138 475000 0.006707
137 475000 0.006593
136 475000 0.006591
135 475000 0.006578
134 475000 0.006589
133 475000 0.006637
132 475000 0.007394
131 475000 0.006697
130 475000 0.006564
129 475000 0.006576
128 475000 0.006583
127 475000 0.006591
126 475000 0.006637
125 475000 0.007398
124 475000 0.006702
123 475000 0.00659
122 475000 0.006567
121 475000 0.006651
120 475000 0.006581
119 475000 0.006635
118 475000 0.007427
117 475000 0.006753
116 475000 0.006595
115 475000 0.006602
114 475000 0.006609
113 475000 0.006591
112 475000 0.006623
111 475000 0.007424
110 475000 0.006733
109 475000 0.006598
108 475000 0.00661
107 475000 0.006589
106 475000 0.006584
105 475000 0.006611
104 475000 0.007407
103 475000 0.006682
102 475000 0.006611
101 475000 0.006612
100 475000 0.006601
99 475000 0.006631
98 475000 0.006637
97 475000 0.007372
96 475000 0.006693
95 475000 0.006613
94 475000 0.006587
93 475000 0.006595
92 475000 0.006585
91 475000 0.006642
90 475000 0.007433
89 475000 0.006727
88 475000 0.00658
87 475000 0.006566
86 475000 0.006556
85 475000 0.006572
84 475000 0.00662
83 475000 0.007424
82 475000 0.006712
81 475000 0.006612
80 475000 0.006625
79 475000 0.006621
78 475000 0.006556
77 475000 0.006656
76 475000 0.007392
75 475000 0.006752
74 475000 0.006602
73 475000 0.006577
72 475000 0.006614
71 475000 0.006617
70 475000 0.006616
69 475000 0.007401
68 475000 0.006709
67 475000 0.00662
66 475000 0.006587
65 475000 0.00663
64 475000 0.006592
63 475000 0.006638
62 475000 0.007431
61 475000 0.006707
60 475000 0.006618
59 475000 0.0066
58 475000 0.006588
57 475000 0.006582
56 475000 0.006656
55 475000 0.007447
54 475000 0.006707
53 475000 0.006573
52 475000 0.006606
51 475000 0.006608
50 475000 0.006617
49 475000 0.006611
48 475000 0.007447
47 475000 0.006708
46 475000 0.006612
45 475000 0.006609
44 475000 0.00657
43 475000 0.006568
42 475000 0.00663
41 475000 0.007434
40 475000 0.006737
39 475000 0.006577
38 475000 0.006565
37 475000 0.00658
36 475000 0.006581
35 475000 0.006598
34 475000 0.007415
33 475000 0.006745
32 475000 0.006574
31 475000 0.006593
30 475000 0.006595
29 475000 0.006643
28 475000 0.006648
27 475000 0.007389
26 475000 0.006717
25 475000 0.006588
24 475000 0.006602
23 475000 0.006588
22 475000 0.006606
21 475000 0.006664
20 475000 0.007444
19 711660 0.010129
18 948320 0.01439
17 1973077 0.029351
16 38923198 0.555627
15 3462378771 48.9473