k       nbComp          temps           temps_cumulé            PourcentageExploration
999     475000          0.004909                0.004909                -nan
998     475000          0.005065                0.009974                -nan
997     475000          0.004819                0.014793                -nan
996     475000          0.004813                0.019606                -nan
995     475000          0.004837                0.024443                -nan
994     475000          0.004811                0.029254                -nan
993     475000          0.00487         0.034124                -nan
992     475000          0.004908                0.039032                -nan
991     475000          0.005133                0.044165                -nan
990     475000          0.004978                0.049143                -nan
989     475000          0.004924                0.054067                -nan
988     475000          0.004838                0.058905                -nan
987     475000          0.004808                0.063713                -nan
986     475000          0.004882                0.068595                -nan
985     475000          0.004921                0.073516                -nan
984     475000          0.004841                0.078357                -nan
983     475000          0.004808                0.083165                -nan
982     475000          0.005405                0.08857         -nan
981     475000          0.005007                0.093577                -nan
980     475000          0.004914                0.098491                -nan
979     475000          0.004797                0.103288                -nan
978     475000          0.004878                0.108166                -nan
977     475000          0.005186                0.113352                -nan
976     475000          0.005192                0.118544                -nan
975     475000          0.005086                0.12363         -nan
974     475000          0.004969                0.128599                -nan
973     475000          0.005384                0.133983                -nan
972     475000          0.005131                0.139114                -nan
971     475000          0.004912                0.144026                -nan
970     475000          0.004878                0.148904                -nan
969     475000          0.00509         0.153994                -nan
968     475000          0.005077                0.159071                -nan
967     475000          0.004892                0.163963                -nan
966     475000          0.004997                0.16896         -nan
965     475000          0.005208                0.174168                -nan
964     475000          0.005258                0.179426                -nan
963     475000          0.00495         0.184376                -nan
962     475000          0.005099                0.189475                -nan
961     475000          0.004895                0.19437         -nan
960     475000          0.004838                0.199208                -nan
959     475000          0.005173                0.204381                -nan
958     475000          0.004972                0.209353                -nan
957     475000          0.004867                0.21422         -nan
956     475000          0.005343                0.219563                -nan
955     475000          0.00495         0.224513                -nan
954     475000          0.004869                0.229382                -nan
953     475000          0.00503         0.234412                -nan
952     475000          0.005102                0.239514                -nan
951     475000          0.005163                0.244677                -nan
950     475000          0.004936                0.249613                -nan
949     475000          0.005091                0.254704                -nan
948     475000          0.005138                0.259842                -nan
947     475000          0.005239                0.265081                -nan
946     475000          0.005119                0.2702          -nan
945     475000          0.005129                0.275329                -nan
944     475000          0.005013                0.280342                -nan
943     475000          0.005083                0.285425                -nan
942     475000          0.004876                0.290301                -nan
941     475000          0.004855                0.295156                -nan
940     475000          0.004985                0.300141                -nan
939     475000          0.005331                0.305472                -nan
938     475000          0.005228                0.3107          -nan
937     475000          0.004991                0.315691                -nan
936     475000          0.004903                0.320594                -nan
935     475000          0.004812                0.325406                -nan
934     475000          0.004909                0.330315                -nan
933     475000          0.005052                0.335367                -nan
932     475000          0.004798                0.340165                -nan
931     475000          0.004985                0.34515         -nan
930     475000          0.005274                0.350424                -nan
929     475000          0.004915                0.355339                -nan
928     475000          0.004806                0.360145                -nan
927     475000          0.004891                0.365036                -nan
926     475000          0.004947                0.369983                -nan
925     475000          0.004938                0.374921                -nan
924     475000          0.004993                0.379914                -nan
923     475000          0.004821                0.384735                -nan
922     475000          0.005245                0.38998         -nan
921     475000          0.005121                0.395101                -nan
920     475000          0.00482         0.399921                -nan
919     475000          0.00493         0.404851                -nan
918     475000          0.004915                0.409766                -nan
917     475000          0.004858                0.414624                -nan
916     475000          0.00481         0.419434                -nan
915     475000          0.004797                0.424231                -nan
914     475000          0.004916                0.429147                -nan
913     475000          0.005578                0.434725                -nan
912     475000          0.005086                0.439811                -nan
911     475000          0.004877                0.444688                -nan
910     475000          0.004815                0.449503                -nan
909     475000          0.004858                0.454361                -nan
908     475000          0.004814                0.459175                -nan
907     475000          0.004872                0.464047                -nan
906     475000          0.004939                0.468986                -nan
905     475000          0.004813                0.473799                -nan
904     475000          0.005335                0.479134                -nan
903     475000          0.004822                0.483956                -nan
902     475000          0.004884                0.48884         -nan
901     475000          0.004836                0.493676                -nan
900     475000          0.00486         0.498536                -nan
899     475000          0.004784                0.50332         -nan
898     475000          0.00496         0.50828         -nan
897     475000          0.00482         0.5131          -nan
896     475000          0.004847                0.517947                -nan
895     475000          0.005315                0.523262                -nan
894     475000          0.004849                0.528111                -nan
893     475000          0.004846                0.532957                -nan
892     475000          0.004907                0.537864                -nan
891     475000          0.004837                0.542701                -nan
890     475000          0.004837                0.547538                -nan
889     475000          0.004778                0.552316                -nan
888     475000          0.004823                0.557139                -nan
887     475000          0.004896                0.562035                -nan
886     475000          0.005303                0.567338                -nan
885     475000          0.005178                0.572516                -nan
884     475000          0.005037                0.577553                -nan
883     475000          0.004845                0.582398                -nan
882     475000          0.004797                0.587195                -nan
881     475000          0.004817                0.592012                -nan
880     475000          0.00485         0.596862                -nan
879     475000          0.004832                0.601694                -nan
878     475000          0.004833                0.606527                -nan
877     475000          0.005351                0.611878                -nan
876     475000          0.004871                0.616749                -nan
875     475000          0.004852                0.621601                -nan
874     475000          0.004829                0.62643         -nan
873     475000          0.004821                0.631251                -nan
872     475000          0.004809                0.63606         -nan
871     475000          0.004914                0.640974                -nan
870     475000          0.004889                0.645863                -nan
869     475000          0.004796                0.650659                -nan
868     475000          0.005307                0.655966                -nan
867     475000          0.004887                0.660853                -nan
866     475000          0.004892                0.665745                -nan
865     475000          0.004857                0.670602                -nan
864     475000          0.00478         0.675382                -nan
863     475000          0.004813                0.680195                -nan
862     475000          0.004773                0.684968                -nan
861     475000          0.004833                0.689801                -nan
860     475000          0.004885                0.694686                -nan
859     475000          0.005309                0.699995                -nan
858     475000          0.005161                0.705156                -nan
857     475000          0.005054                0.71021         -nan
856     475000          0.004853                0.715063                -nan
855     475000          0.004876                0.719939                -nan
854     475000          0.004821                0.72476         -nan
853     475000          0.004841                0.729601                -nan
852     475000          0.005           0.734601                -nan
851     475000          0.004844                0.739445                -nan
850     475000          0.00527         0.744715                -nan
849     475000          0.004848                0.749563                -nan
848     475000          0.004876                0.754439                -nan
847     475000          0.004822                0.759261                -nan
846     475000          0.004825                0.764086                -nan
845     475000          0.004812                0.768898                -nan
844     475000          0.005027                0.773925                -nan
843     475000          0.004828                0.778753                -nan
842     475000          0.004825                0.783578                -nan
841     475000          0.005337                0.788915                -nan
840     475000          0.004942                0.793857                -nan
839     475000          0.004846                0.798703                -nan
838     475000          0.004937                0.80364         -nan
837     475000          0.004805                0.808445                -nan
836     475000          0.004828                0.813273                -nan
835     475000          0.00493         0.818203                -nan
834     475000          0.004823                0.823026                -nan
833     475000          0.004821                0.827847                -nan
832     475000          0.005334                0.833181                -nan
831     475000          0.004976                0.838157                -nan
830     475000          0.004899                0.843056                -nan
829     475000          0.004823                0.847879                -nan
828     475000          0.004821                0.8527          -nan
827     475000          0.004899                0.857599                -nan
826     475000          0.004798                0.862397                -nan
825     475000          0.004875                0.867272                -nan
824     475000          0.004882                0.872154                -nan
823     475000          0.005304                0.877458                -nan
822     475000          0.005093                0.882551                -nan
821     475000          0.004828                0.887379                -nan
820     475000          0.004816                0.892195                -nan
819     475000          0.00483         0.897025                -nan
818     475000          0.005035                0.90206         -nan
817     475000          0.004868                0.906928                -nan
816     475000          0.004831                0.911759                -nan
815     475000          0.004781                0.91654         -nan
814     475000          0.00537         0.92191         -nan
813     475000          0.004871                0.926781                -nan
812     475000          0.004831                0.931612                -nan
811     475000          0.004858                0.93647         -nan
810     475000          0.004775                0.941245                -nan
809     475000          0.004869                0.946114                -nan
808     475000          0.004899                0.951013                -nan
807     475000          0.00482         0.955833                -nan
806     475000          0.004801                0.960634                -nan
805     475000          0.005317                0.965951                -nan
804     475000          0.005007                0.970958                -nan
803     475000          0.004903                0.975861                -nan
802     475000          0.004822                0.980683                -nan
801     475000          0.004966                0.985649                -nan
800     475000          0.004807                0.990456                -nan
799     475000          0.004889                0.995345                -nan
798     475000          0.004806                1.00015         -nan
797     475000          0.004846                1.005           -nan
796     475000          0.00535         1.01035         -nan
795     475000          0.004864                1.01521         -nan
794     475000          0.004858                1.02007         -nan
793     475000          0.004821                1.02489         -nan
792     475000          0.004883                1.02977         -nan
791     475000          0.004875                1.03465         -nan
790     475000          0.004865                1.03951         -nan
789     475000          0.004816                1.04433         -nan
788     475000          0.004887                1.04922         -nan
787     475000          0.00532         1.05454         -nan
786     475000          0.004906                1.05944         -nan
785     475000          0.004825                1.06427         -nan
784     475000          0.005108                1.06937         -nan
783     475000          0.004935                1.07431         -nan
782     475000          0.00482         1.07913         -nan
781     475000          0.004809                1.08394         -nan
780     475000          0.005036                1.08898         -nan
779     475000          0.005095                1.09407         -nan
778     475000          0.00541         1.09948         -nan
777     475000          0.004853                1.10433         -nan
776     475000          0.004925                1.10926         -nan
775     475000          0.004883                1.11414         -nan
774     475000          0.004822                1.11896         -nan
773     475000          0.004799                1.12376         -nan
772     475000          0.004956                1.12872         -nan
771     475000          0.004891                1.13361         -nan
770     475000          0.004804                1.13841         -nan
769     475000          0.005319                1.14373         -nan
768     475000          0.004869                1.1486          -nan
767     475000          0.00488         1.15348         -nan
766     475000          0.004945                1.15843         -nan
765     475000          0.004797                1.16322         -nan
764     475000          0.004875                1.1681          -nan
763     475000          0.004912                1.17301         -nan
762     475000          0.004838                1.17785         -nan
761     475000          0.004783                1.18263         -nan
760     475000          0.005335                1.18797         -nan
759     475000          0.00495         1.19292         -nan
758     475000          0.00484         1.19776         -nan
757     475000          0.004928                1.20268         -nan
756     475000          0.004801                1.20748         -nan
755     475000          0.004827                1.21231         -nan
754     475000          0.004791                1.2171          -nan
753     475000          0.004937                1.22204         -nan
752     475000          0.004825                1.22686         -nan
751     475000          0.005378                1.23224         -nan
750     475000          0.0049          1.23714         -nan
749     475000          0.004879                1.24202         -nan
748     475000          0.004808                1.24683         -nan
747     475000          0.004828                1.25166         -nan
746     475000          0.004797                1.25645         -nan
745     475000          0.004967                1.26142         -nan
744     475000          0.004798                1.26622         -nan
743     475000          0.004843                1.27106         -nan
742     475000          0.005335                1.2764          -nan
741     475000          0.005004                1.2814          -nan
740     475000          0.004867                1.28627         -nan
739     475000          0.004841                1.29111         -nan
738     475000          0.005008                1.29612         -nan
737     475000          0.004823                1.30094         -nan
736     475000          0.00486         1.3058          -nan
735     475000          0.004799                1.3106          -nan
734     475000          0.004846                1.31545         -nan
733     475000          0.005323                1.32077         -nan
732     475000          0.00494         1.32571         -nan
731     475000          0.004866                1.33057         -nan
730     475000          0.004887                1.33546         -nan
729     475000          0.004806                1.34027         -nan
728     475000          0.00489         1.34516         -nan
727     475000          0.004779                1.34994         -nan
726     475000          0.004806                1.35474         -nan
725     475000          0.004808                1.35955         -nan
724     475000          0.005418                1.36497         -nan
723     475000          0.004968                1.36994         -nan
722     475000          0.005046                1.37498         -nan
721     475000          0.00482         1.3798          -nan
720     475000          0.004798                1.3846          -nan
719     475000          0.004953                1.38955         -nan
718     475000          0.004859                1.39441         -nan
717     475000          0.004828                1.39924         -nan
716     475000          0.004831                1.40407         -nan
715     475000          0.005325                1.4094          -nan
714     475000          0.004859                1.41426         -nan
713     475000          0.004866                1.41912         -nan
712     475000          0.004883                1.424           -nan
711     475000          0.004963                1.42897         -nan
710     475000          0.004826                1.43379         -nan
709     475000          0.004822                1.43862         -nan
708     475000          0.004773                1.44339         -nan
707     475000          0.004821                1.44821         -nan
706     475000          0.005394                1.4536          -nan
705     475000          0.004845                1.45845         -nan
704     475000          0.004892                1.46334         -nan
703     475000          0.004898                1.46824         -nan
702     475000          0.004822                1.47306         -nan
701     475000          0.00482         1.47788         -nan
700     475000          0.004789                1.48267         -nan
699     475000          0.004823                1.48749         -nan
698     475000          0.004864                1.49236         -nan
697     475000          0.005337                1.49769         -nan
696     475000          0.005006                1.5027          -nan
695     475000          0.004878                1.50758         -nan
694     475000          0.004818                1.5124          -nan
693     475000          0.004856                1.51725         -nan
692     475000          0.004816                1.52207         -nan
691     475000          0.004862                1.52693         -nan
690     475000          0.004805                1.53173         -nan
689     475000          0.004977                1.53671         -nan
688     475000          0.005329                1.54204         -nan
687     475000          0.00487         1.54691         -nan
686     475000          0.004854                1.55176         -nan
685     475000          0.004844                1.55661         -nan
684     475000          0.004921                1.56153         -nan
683     475000          0.004886                1.56642         -nan
682     475000          0.00484         1.57126         -nan
681     475000          0.004814                1.57607         -nan
680     475000          0.004947                1.58102         -nan
679     475000          0.005357                1.58637         -nan
678     475000          0.005028                1.5914          -nan
677     475000          0.004864                1.59627         -nan
676     475000          0.00496         1.60123         -nan
675     475000          0.004825                1.60605         -nan
674     475000          0.004823                1.61087         -nan
673     475000          0.004783                1.61566         -nan
672     475000          0.00489         1.62055         -nan
671     475000          0.004796                1.62534         -nan
670     475000          0.00535         1.63069         -nan
669     475000          0.00513         1.63582         -nan
668     475000          0.004897                1.64072         -nan
667     475000          0.004884                1.6456          -nan
666     475000          0.00481         1.65041         -nan
665     475000          0.004813                1.65523         -nan
664     475000          0.004829                1.66006         -nan
663     475000          0.004885                1.66494         -nan
662     475000          0.004831                1.66977         -nan
661     475000          0.005306                1.67508         -nan
660     475000          0.00483         1.67991         -nan
659     475000          0.004951                1.68486         -nan
658     475000          0.00478         1.68964         -nan
657     475000          0.004974                1.69461         -nan
656     475000          0.004821                1.69943         -nan
655     475000          0.004849                1.70428         -nan
654     475000          0.004788                1.70907         -nan
653     475000          0.004809                1.71388         -nan
652     475000          0.005304                1.71918         -nan
651     475000          0.004922                1.72411         -nan
650     475000          0.004883                1.72899         -nan
649     475000          0.004842                1.73383         -nan
648     475000          0.004827                1.73866         -nan
647     475000          0.004824                1.74348         -nan
646     475000          0.004864                1.74835         -nan
645     475000          0.004842                1.75319         -nan
644     475000          0.004779                1.75797         -nan
643     475000          0.005359                1.76333         -nan
642     475000          0.005315                1.76864         -nan
641     475000          0.004854                1.77349         -nan
640     475000          0.004799                1.77829         -nan
639     475000          0.004805                1.7831          -nan
638     475000          0.004798                1.7879          -nan
637     475000          0.004828                1.79272         -nan
636     475000          0.004839                1.79756         -nan
635     475000          0.004818                1.80238         0
634     475000          0.005311                1.80769         0
633     475000          0.004947                1.81264         0
632     475000          0.004895                1.81753         0
631     475000          0.004821                1.82236         0
630     475000          0.004918                1.82727         0
629     475000          0.004902                1.83218         0
628     475000          0.004811                1.83699         0
627     475000          0.00479         1.84178         0
626     475000          0.00481         1.84659         0
625     475000          0.005328                1.85191         0
624     475000          0.005012                1.85693         0
623     475000          0.004904                1.86183         0
622     475000          0.004889                1.86672         0
621     475000          0.004815                1.87153         0
620     475000          0.004842                1.87638         0
619     475000          0.004797                1.88117         0
618     475000          0.004812                1.88599         0
617     475000          0.004797                1.89078         0
616     475000          0.005472                1.89626         0
615     475000          0.005151                1.90141         0
614     475000          0.005023                1.90643         0
613     475000          0.004818                1.91125         0
612     475000          0.004855                1.9161          0
611     475000          0.004809                1.92091         0
610     475000          0.004846                1.92576         0
609     475000          0.004823                1.93058         0
608     475000          0.004791                1.93537         0
607     475000          0.005467                1.94084         0
606     475000          0.004877                1.94571         0
605     475000          0.004861                1.95058         0
604     475000          0.004847                1.95542         0
603     475000          0.004944                1.96037         0
602     475000          0.004831                1.9652          0
601     475000          0.004797                1.96999         0
600     475000          0.004794                1.97479         0
599     475000          0.004855                1.97964         0
598     475000          0.005325                1.98497         0
597     475000          0.004869                1.98984         0
596     475000          0.004845                1.99468         0
595     475000          0.004842                1.99952         0
594     475000          0.004891                2.00442         0
593     475000          0.004822                2.00924         0
592     475000          0.004796                2.01403         0
591     475000          0.004835                2.01887         0
590     475000          0.004914                2.02378         0
589     475000          0.005332                2.02912         0
588     475000          0.005164                2.03428         0
587     475000          0.004897                2.03918         0
586     475000          0.004813                2.04399         0
585     475000          0.004883                2.04887         0
584     475000          0.004807                2.05368         0
583     475000          0.004803                2.05848         0
582     475000          0.004846                2.06333         0
581     475000          0.004931                2.06826         0
580     475000          0.00533         2.07359         0
579     475000          0.004844                2.07843         0
578     475000          0.004876                2.08331         0
577     475000          0.004922                2.08823         0
576     475000          0.004947                2.09318         0
575     475000          0.004936                2.09811         0
574     475000          0.004822                2.10294         0
573     475000          0.004899                2.10784         0
572     475000          0.004888                2.11272         0
571     475000          0.0053          2.11802         0
570     475000          0.0049          2.12292         0
569     475000          0.004876                2.1278          0
568     475000          0.004844                2.13264         0
567     475000          0.004815                2.13746         0
566     475000          0.004822                2.14228         0
565     475000          0.004843                2.14712         0
564     475000          0.004876                2.152           0
563     475000          0.004783                2.15678         0
562     475000          0.005289                2.16207         0
561     475000          0.005092                2.16716         0
560     475000          0.005018                2.17218         0
559     475000          0.004788                2.17697         0
558     475000          0.004795                2.18176         0
557     475000          0.004798                2.18656         0
556     475000          0.004794                2.19136         0
555     475000          0.004902                2.19626         0
554     475000          0.004814                2.20107         0
553     475000          0.005333                2.2064          0
552     475000          0.004824                2.21123         0
551     475000          0.004967                2.2162          0
550     475000          0.004813                2.22101         0
549     475000          0.004941                2.22595         0
548     475000          0.004794                2.23074         0
547     475000          0.004855                2.2356          0
546     475000          0.004794                2.24039         0
545     475000          0.004807                2.2452          0
544     475000          0.005324                2.25052         0
543     475000          0.004909                2.25543         0
542     475000          0.005014                2.26045         0
541     475000          0.004841                2.26529         0
540     475000          0.004823                2.27011         0
539     475000          0.004838                2.27495         0
538     475000          0.004812                2.27976         0
537     475000          0.004855                2.28462         0
536     475000          0.00483         2.28945         0
535     475000          0.005338                2.29478         0
534     475000          0.004902                2.29969         0
533     475000          0.004884                2.30457         0
532     475000          0.004838                2.30941         0
531     475000          0.004797                2.3142          0
530     475000          0.004889                2.31909         0
529     475000          0.004785                2.32388         0
528     475000          0.004825                2.3287          0
527     475000          0.004795                2.3335          0
526     475000          0.005252                2.33875         0
525     475000          0.004867                2.34362         0
524     475000          0.004832                2.34845         0
523     475000          0.004808                2.35326         0
522     475000          0.004922                2.35818         0
521     475000          0.00488         2.36306         0
520     475000          0.00482         2.36788         0
519     475000          0.004775                2.37265         0
518     475000          0.00483         2.37749         0
517     475000          0.005336                2.38282         0
516     475000          0.005012                2.38783         0
515     475000          0.004897                2.39273         0
514     475000          0.004807                2.39754         0
513     475000          0.004789                2.40233         0
512     475000          0.004902                2.40723         0
511     475000          0.004797                2.41202         0
510     475000          0.004859                2.41688         0
509     475000          0.00501         2.42189         0
508     475000          0.005517                2.42741         0
507     475000          0.004893                2.4323          0
506     475000          0.004789                2.43709         0
505     475000          0.004801                2.44189         0
504     475000          0.004849                2.44674         0
503     475000          0.004816                2.45156         0
502     475000          0.004799                2.45636         0
501     475000          0.005078                2.46144         0
500     475000          0.004833                2.46627         0
499     475000          0.005399                2.47167         0
498     475000          0.004862                2.47653         0
497     475000          0.004822                2.48135         0
496     475000          0.004842                2.48619         0
495     475000          0.005108                2.4913          0
494     475000          0.004925                2.49623         0
493     475000          0.004868                2.50109         0
492     475000          0.004798                2.50589         0
491     475000          0.004939                2.51083         0
490     475000          0.005284                2.51612         0
489     475000          0.004991                2.52111         0
488     475000          0.004854                2.52596         0
487     475000          0.00482         2.53078         0
486     475000          0.004789                2.53557         0
485     475000          0.004828                2.5404          0
484     475000          0.004798                2.5452          0
483     475000          0.004876                2.55007         0
482     475000          0.004996                2.55507         0
481     475000          0.005312                2.56038         0
480     475000          0.00483         2.56521         0
479     475000          0.004858                2.57007         0
478     475000          0.004954                2.57502         0
477     475000          0.004818                2.57984         0
476     475000          0.004791                2.58463         0
475     475000          0.004823                2.58945         0
474     475000          0.004862                2.59432         0
473     475000          0.004955                2.59927         0
472     475000          0.005331                2.6046          0
471     475000          0.004855                2.60946         0
470     475000          0.004881                2.61434         0
469     475000          0.004788                2.61913         0
468     475000          0.005107                2.62423         0
467     475000          0.004879                2.62911         0
466     475000          0.004838                2.63395         0
465     475000          0.005246                2.6392          0
464     475000          0.00509         2.64429         0
463     475000          0.00526         2.64955         0
462     475000          0.005103                2.65465         0
461     475000          0.004973                2.65962         0
460     475000          0.004818                2.66444         0
459     475000          0.00478         2.66922         0
458     475000          0.004818                2.67404         0
457     475000          0.004774                2.67881         0
456     475000          0.004965                2.68378         0
455     475000          0.004825                2.6886          0
454     475000          0.005289                2.69389         0
453     475000          0.004836                2.69873         0
452     475000          0.004861                2.70359         0
451     475000          0.004885                2.70847         0
450     475000          0.004773                2.71325         0
449     475000          0.004826                2.71807         0
448     475000          0.004885                2.72296         0
447     475000          0.004839                2.7278          0
446     475000          0.004815                2.73261         0
445     475000          0.005266                2.73788         0
444     475000          0.004899                2.74278         0
443     475000          0.004868                2.74764         0
442     475000          0.004797                2.75244         0
441     475000          0.004943                2.75738         0
440     475000          0.004829                2.76221         0
439     475000          0.00484         2.76705         0
438     475000          0.00479         2.77184         0
437     475000          0.004828                2.77667         0
436     475000          0.005296                2.78197         0
435     475000          0.004988                2.78695         0
434     475000          0.004858                2.79181         0
433     475000          0.004827                2.79664         0
432     475000          0.004771                2.80141         0
431     475000          0.004836                2.80625         0
430     475000          0.004943                2.81119         0
429     475000          0.004769                2.81596         0
428     475000          0.004876                2.82083         0
427     475000          0.00532         2.82615         0
426     475000          0.004863                2.83102         0
425     475000          0.004867                2.83588         0
424     475000          0.004815                2.8407          0
423     475000          0.004804                2.8455          0
422     475000          0.00497         2.85047         0
421     475000          0.004807                2.85528         0
420     475000          0.004871                2.86015         0
419     475000          0.004815                2.86497         0
418     475000          0.005426                2.87039         0
417     475000          0.004845                2.87524         0
416     475000          0.004855                2.88009         0
415     475000          0.004807                2.8849          0
414     475000          0.004895                2.88979         0
413     475000          0.004938                2.89473         0
412     475000          0.004852                2.89959         0
411     475000          0.004769                2.90435         0
410     475000          0.004788                2.90914         0
409     475000          0.005394                2.91454         0
408     475000          0.004907                2.91944         0
407     475000          0.00487         2.92431         0
406     475000          0.004843                2.92916         0
405     475000          0.004785                2.93394         0
404     475000          0.004863                2.9388          0
403     475000          0.004813                2.94362         0
402     475000          0.004797                2.94841         0
401     475000          0.004953                2.95337         0
400     475000          0.005368                2.95873         0
399     475000          0.004851                2.96359         0
398     475000          0.004828                2.96841         0
397     475000          0.004827                2.97324         0
396     475000          0.004911                2.97815         0
395     475000          0.004893                2.98304         0
394     475000          0.004786                2.98783         0
393     475000          0.00483         2.99266         0
392     475000          0.004942                2.9976          0
391     475000          0.005319                3.00292         0
390     475000          0.004993                3.00791         0
389     475000          0.004837                3.01275         0
388     475000          0.004849                3.0176          0
387     475000          0.004846                3.02245         0
386     475000          0.004852                3.0273          0
385     475000          0.00481         3.03211         0
384     475000          0.004812                3.03692         0
383     475000          0.004861                3.04178         0
382     475000          0.005305                3.04709         0
381     475000          0.004848                3.05193         0
380     475000          0.004933                3.05687         0
379     475000          0.004956                3.06182         0
378     475000          0.004808                3.06663         0
377     475000          0.004827                3.07146         0
376     475000          0.004817                3.07628         0
375     475000          0.00478         3.08106         0
374     475000          0.00498         3.08604         0
373     475000          0.00532         3.09136         0
372     475000          0.005126                3.09648         0
371     475000          0.004808                3.10129         0
370     475000          0.004877                3.10617         0
369     475000          0.004802                3.11097         0
368     475000          0.004877                3.11585         0
367     475000          0.00489         3.12074         0
366     475000          0.004871                3.12561         0
365     475000          0.004795                3.1304          0
364     475000          0.005313                3.13571         0
363     475000          0.004978                3.14069         0
362     475000          0.004906                3.1456          0
361     475000          0.004787                3.15039         0
360     475000          0.004907                3.15529         0
359     475000          0.005022                3.16031         0
358     475000          0.00483         3.16514         0
357     475000          0.004822                3.16997         0
356     475000          0.004825                3.17479         0
355     475000          0.005386                3.18018         0
354     475000          0.004919                3.1851          0
353     475000          0.005111                3.19021         0
352     475000          0.004841                3.19505         0
351     475000          0.00483         3.19988         0
350     475000          0.004798                3.20468         0
349     475000          0.004868                3.20954         0
348     475000          0.004785                3.21433         0
347     475000          0.005071                3.2194          0
346     475000          0.005373                3.22477         0
345     475000          0.004995                3.22977         0
344     475000          0.004893                3.23466         0
343     475000          0.004824                3.23949         0
342     475000          0.004804                3.24429         0
341     475000          0.004956                3.24925         0
340     475000          0.005012                3.25426         0
339     475000          0.004852                3.25911         0
338     475000          0.00479         3.2639          0
337     475000          0.005397                3.2693          0
336     475000          0.004877                3.27417         0
335     475000          0.004876                3.27905         0
334     475000          0.005025                3.28407         0
333     475000          0.004853                3.28893         0
332     475000          0.004863                3.29379         0
331     475000          0.004815                3.29861         0
330     475000          0.004821                3.30343         0
329     475000          0.004786                3.30821         0
328     475000          0.005316                3.31353         0
327     475000          0.004916                3.31844         0
326     475000          0.005036                3.32348         0
325     475000          0.004817                3.3283          0
324     475000          0.004808                3.33311         0
323     475000          0.004958                3.33806         0
322     475000          0.004809                3.34287         0
321     475000          0.0048          3.34767         0
320     475000          0.005026                3.3527          0
319     475000          0.005438                3.35814         0
318     475000          0.004931                3.36307         0
317     475000          0.004804                3.36787         0
316     475000          0.004815                3.37269         0
315     475000          0.00483         3.37752         0
314     475000          0.005018                3.38253         0
313     475000          0.004819                3.38735         0
312     475000          0.004841                3.39219         0
311     475000          0.004777                3.39697         0
310     475000          0.005394                3.40237         0
309     475000          0.004865                3.40723         0
308     475000          0.004985                3.41222         0
307     475000          0.004893                3.41711         0
306     475000          0.004999                3.42211         0
305     475000          0.005093                3.4272          0
304     475000          0.005036                3.43224         0
303     475000          0.004788                3.43702         0
302     475000          0.004825                3.44185         0
301     475000          0.005275                3.44712         0
300     475000          0.004933                3.45206         0
299     475000          0.005133                3.45719         0
298     475000          0.005093                3.46228         0
297     475000          0.004873                3.46716         0
296     475000          0.00483         3.47199         0
295     475000          0.004801                3.47679         0
294     475000          0.004833                3.48162         0
293     475000          0.005158                3.48678         0
292     475000          0.005306                3.49208         0
291     475000          0.005079                3.49716         0
290     475000          0.004824                3.50199         0
289     475000          0.004895                3.50688         0
288     475000          0.004815                3.5117          0
287     475000          0.00485         3.51655         0
286     475000          0.004824                3.52137         0
285     475000          0.004844                3.52622         0
284     475000          0.00479         3.53101         0
283     475000          0.0053          3.53631         0
282     475000          0.004866                3.54117         0
281     475000          0.00507         3.54624         0
280     475000          0.005241                3.55148         0
279     475000          0.004879                3.55636         0
278     475000          0.004833                3.56119         0
277     475000          0.004806                3.566           0
276     475000          0.004884                3.57088         0
275     475000          0.004882                3.57577         0
274     475000          0.005331                3.5811          0
273     475000          0.004922                3.58602         0
272     475000          0.004838                3.59086         0
271     475000          0.004815                3.59567         0
270     475000          0.004808                3.60048         0
269     475000          0.004813                3.60529         0
268     475000          0.004787                3.61008         0
267     475000          0.004858                3.61494         0
266     475000          0.00493         3.61987         0
265     475000          0.005333                3.6252          0
264     475000          0.004835                3.63004         0
263     475000          0.004904                3.63494         0
262     475000          0.004844                3.63978         0
261     475000          0.004805                3.64459         0
260     475000          0.004871                3.64946         0
259     475000          0.004908                3.65437         0
258     475000          0.004881                3.65925         0
257     475000          0.004767                3.66402         0
256     475000          0.005317                3.66933         0
255     475000          0.004886                3.67422         0
254     475000          0.005013                3.67923         0
253     475000          0.004866                3.6841          0
252     475000          0.004824                3.68892         0
251     475000          0.004789                3.69371         0
250     475000          0.004878                3.69859         0
249     475000          0.00479         3.70338         0
248     475000          0.004833                3.70821         0
247     475000          0.005315                3.71353         0
246     475000          0.004998                3.71853         0
245     475000          0.00487         3.7234          0
244     475000          0.004826                3.72822         0
243     475000          0.004786                3.73301         0
242     475000          0.004832                3.73784         0
241     475000          0.004871                3.74271         0
240     475000          0.004856                3.74757         0
239     475000          0.004877                3.75244         0
238     475000          0.005304                3.75775         0
237     475000          0.00494         3.76269         0
236     475000          0.004844                3.76753         0
235     475000          0.004845                3.77238         0
234     475000          0.004815                3.77719         0
233     475000          0.005153                3.78234         0
232     475000          0.004778                3.78712         0
231     475000          0.00483         3.79195         0
230     475000          0.00479         3.79674         0
229     475000          0.005421                3.80216         0
228     475000          0.004908                3.80707         0
227     475000          0.004976                3.81205         0
226     475000          0.004811                3.81686         0
225     475000          0.004828                3.82169         0
224     475000          0.004877                3.82656         0
223     475000          0.004802                3.83137         0
222     475000          0.004816                3.83618         0
221     475000          0.004808                3.84099         0
220     475000          0.005429                3.84642         0
219     475000          0.005058                3.85148         0
218     475000          0.004851                3.85633         0
217     475000          0.004859                3.86119         0
216     475000          0.004863                3.86605         0
215     475000          0.004825                3.87087         0
214     475000          0.004792                3.87567         0
213     475000          0.004907                3.88057         0
212     475000          0.004838                3.88541         0
211     475000          0.005415                3.89083         0
210     475000          0.00485         3.89568         0
209     475000          0.004839                3.90052         0
208     475000          0.00483         3.90535         0
207     475000          0.005041                3.91039         0
206     475000          0.004795                3.91518         0
205     475000          0.004812                3.91999         0
204     475000          0.00479         3.92478         0
203     475000          0.004816                3.9296          0
202     475000          0.005282                3.93488         0
201     475000          0.004946                3.93983         0
200     475000          0.004816                3.94464         0
199     475000          0.004801                3.94944         0
198     475000          0.005061                3.95451         0
197     475000          0.004809                3.95931         0
196     475000          0.004811                3.96413         0
195     475000          0.004803                3.96893         0
194     475000          0.004887                3.97382         0
193     475000          0.005321                3.97914         0
192     475000          0.004923                3.98406         0
191     475000          0.004889                3.98895         0
190     475000          0.004879                3.99383         0
189     475000          0.004791                3.99862         0
188     475000          0.004819                4.00344         0
187     475000          0.004792                4.00823         0
186     475000          0.004966                4.0132          0
185     475000          0.004867                4.01806         0
184     475000          0.005355                4.02342         0
183     475000          0.004816                4.02823         0
182     475000          0.004859                4.03309         0
181     475000          0.004924                4.03802         0
180     475000          0.004866                4.04288         0
179     475000          0.004802                4.04768         0
178     475000          0.004822                4.05251         0
177     475000          0.004812                4.05732         0
176     475000          0.004814                4.06213         0
175     475000          0.005288                4.06742         0
174     475000          0.005071                4.07249         0
173     475000          0.0049          4.07739         0
172     475000          0.004934                4.08233         0
171     475000          0.004925                4.08725         0
170     475000          0.004837                4.09209         0
169     475000          0.004797                4.09688         0
168     475000          0.004941                4.10183         0
167     475000          0.004805                4.10663         0
166     475000          0.005281                4.11191         0
165     475000          0.004904                4.11682         0
164     475000          0.004914                4.12173         0
163     475000          0.004806                4.12654         0
162     475000          0.004832                4.13137         0
161     475000          0.004828                4.1362          0
160     475000          0.00484         4.14104         0
159     475000          0.004971                4.14601         0
158     475000          0.004829                4.15084         0
157     475000          0.005306                4.15614         0
156     475000          0.004858                4.161           0
155     475000          0.004891                4.16589         0
154     475000          0.004849                4.17074         0
153     475000          0.004868                4.17561         0
152     475000          0.004847                4.18046         0
151     475000          0.004912                4.18537         0
150     475000          0.004797                4.19016         0
149     475000          0.004812                4.19498         0
148     475000          0.005332                4.20031         0
147     475000          0.00516         4.20547         0
146     475000          0.004859                4.21033         0
145     475000          0.004795                4.21512         0
144     475000          0.004818                4.21994         0
143     475000          0.00479         4.22473         0
142     475000          0.004947                4.22968         0
141     475000          0.004792                4.23447         0
140     475000          0.004793                4.23926         0
139     475000          0.005298                4.24456         0
138     475000          0.004928                4.24949         0
137     475000          0.004867                4.25435         0
136     475000          0.004808                4.25916         0
135     475000          0.004812                4.26397         0
134     475000          0.004899                4.26887         0
133     475000          0.004773                4.27365         0
132     475000          0.004895                4.27854         0
131     475000          0.004773                4.28331         0
130     475000          0.005264                4.28858         0
129     475000          0.00495         4.29353         0
128     475000          0.004893                4.29842         0
127     475000          0.004812                4.30323         0
126     475000          0.004838                4.30807         0
125     475000          0.004844                4.31292         0
124     475000          0.004791                4.31771         0
123     475000          0.004796                4.3225          0
122     475000          0.004813                4.32732         0
121     475000          0.005352                4.33267         0
120     475000          0.004848                4.33752         0
119     475000          0.004967                4.34248         0
118     475000          0.004811                4.34729         0
117     475000          0.004785                4.35208         0
116     475000          0.004879                4.35696         0
115     475000          0.004814                4.36177         0
114     475000          0.004779                4.36655         0
113     475000          0.004819                4.37137         0
112     475000          0.005334                4.3767          0
111     475000          0.004927                4.38163         0
110     475000          0.004853                4.38648         0
109     475000          0.004809                4.39129         0
108     475000          0.004854                4.39615         0
107     475000          0.004814                4.40096         0
106     475000          0.004773                4.40573         0
105     475000          0.004945                4.41068         0
104     475000          0.004801                4.41548         0
103     475000          0.005339                4.42082         0
102     475000          0.00484         4.42566         0
101     475000          0.004889                4.43055         0
100     475000          0.00489         4.43544         0
99      475000          0.004934                4.44037         0
98      475000          0.004791                4.44516         0
97      475000          0.004828                4.44999         0
96      475000          0.004843                4.45483         0
95      475000          0.004857                4.45969         0
94      475000          0.005344                4.46503         0
93      475000          0.005121                4.47016         0
92      475000          0.005004                4.47516         0
91      475000          0.004896                4.48006         0
90      475000          0.004806                4.48486         0
89      475000          0.00482         4.48968         0
88      475000          0.004805                4.49449         0
87      475000          0.00482         4.49931         0
86      475000          0.005025                4.50433         0
85      475000          0.005332                4.50966         0
84      475000          0.004956                4.51462         0
83      475000          0.004805                4.51943         0
82      475000          0.004821                4.52425         0
81      475000          0.004799                4.52904         0
80      475000          0.004808                4.53385         0
79      475000          0.004849                4.5387          0
78      475000          0.005009                4.54371         0
77      475000          0.004837                4.54855         0
76      475000          0.005336                4.55388         0
75      475000          0.004865                4.55875         0
74      475000          0.004831                4.56358         0
73      475000          0.004869                4.56845         0
72      475000          0.00491         4.57336         0
71      475000          0.004784                4.57814         0
70      475000          0.004806                4.58295         0
69      475000          0.004874                4.58782         0
68      475000          0.004789                4.59261         0
67      475000          0.005241                4.59785         0
66      475000          0.004958                4.60281         0
65      475000          0.004988                4.6078          0
64      475000          0.004824                4.61262         0
63      475000          0.004844                4.61747         0
62      475000          0.00481         4.62228         0
61      475000          0.004799                4.62708         0
60      475000          0.004839                4.63192         0
59      475000          0.004808                4.63672         0
58      475000          0.005319                4.64204         0
57      475000          0.004988                4.64703         0
56      475000          0.005005                4.65203         0
55      475000          0.004803                4.65684         0
54      475000          0.004792                4.66163         0
53      475000          0.004872                4.6665          0
52      475000          0.004821                4.67132         0
51      475000          0.004948                4.67627         0
50      475000          0.004789                4.68106         0
49      475000          0.005303                4.68636         0
48      475000          0.004825                4.69119         0
47      475000          0.004916                4.6961          0
46      475000          0.004868                4.70097         0
45      475000          0.004884                4.70586         0
44      475000          0.004779                4.71063         0
43      475000          0.004899                4.71553         0
42      475000          0.00478         4.72031         0
41      475000          0.004828                4.72514         0
40      475000          0.005261                4.7304          0
39      475000          0.005182                4.73558         0
38      475000          0.004839                4.74042         0
37      475000          0.004842                4.74527         0
36      475000          0.004901                4.75017         0
35      475000          0.004813                4.75498         0
34      475000          0.004806                4.75979         0
33      475000          0.004821                4.76461         0
32      475000          0.004781                4.76939         0
31      475000          0.005353                4.77474         0
30      475000          0.004966                4.77971         0
29      475000          0.004845                4.78455         0
28      475000          0.004826                4.78938         0
27      475000          0.004784                4.79416         0
26      475000          0.005054                4.79922         0
25      475000          0.005003                4.80422         0
24      475000          0.004948                4.80917         0
23      475000          0.00486         4.81403         0
22      475000          0.005352                4.81938         0
21      475000          0.004837                4.82422         0
20      475000          0.004841                4.82906         0
19      475000          0.004892                4.83395         0
18      475002          0.004949                4.8389          1.78509e-16
17      1850607         0.022091                4.86099         1.43786e-13
16      4117371         0.312594                5.17358         1.5608e-11
15      24259609                8.1387          13.3123         4.24526e-10
