k nbComp temps
999 475000 0.007263
998 475000 0.005826
997 475000 0.005802
996 475000 0.007187
995 475000 0.005929
994 475000 0.005879
993 475000 0.005794
992 475000 0.005839
991 475000 0.005814
990 475000 0.005789
989 475000 0.006612
988 475000 0.00731
987 475000 0.005928
986 475000 0.005813
985 475000 0.005789
984 475000 0.00583
983 475000 0.005851
982 475000 0.00605
981 475000 0.007784
980 475000 0.005911
979 475000 0.005814
978 475000 0.005801
977 475000 0.00582
976 475000 0.006675
975 475000 0.006701
974 475000 0.007973
973 475000 0.00622
972 475000 0.006213
971 475000 0.006124
970 475000 0.005966
969 475000 0.005851
968 475000 0.006398
967 475000 0.007612
966 475000 0.005966
965 475000 0.005874
964 475000 0.006172
963 475000 0.005964
962 475000 0.005928
961 475000 0.00633
960 475000 0.007742
959 475000 0.006256
958 475000 0.00598
957 475000 0.005903
956 475000 0.00614
955 475000 0.00582
954 475000 0.006464
953 475000 0.007625
952 475000 0.005936
951 475000 0.006147
950 475000 0.005805
949 475000 0.006039
948 475000 0.006011
947 475000 0.006249
946 475000 0.00772
945 475000 0.005835
944 475000 0.006112
943 475000 0.005824
942 475000 0.005786
941 475000 0.005806
940 475000 0.005845
939 475000 0.007828
938 475000 0.005985
937 475000 0.005761
936 475000 0.005838
935 475000 0.006114
934 475000 0.006123
933 475000 0.006132
932 475000 0.006585
931 475000 0.007066
930 475000 0.005825
929 475000 0.005791
928 475000 0.006116
927 475000 0.006134
926 475000 0.005847
925 475000 0.006562
924 475000 0.00743
923 475000 0.005815
922 475000 0.00585
921 475000 0.005783
920 475000 0.0058
919 475000 0.005787
918 475000 0.005754
917 475000 0.00781
916 475000 0.005855
915 475000 0.005778
914 475000 0.005798
913 475000 0.005747
912 475000 0.005721
911 475000 0.005749
910 475000 0.006149
909 475000 0.007431
908 475000 0.005854
907 475000 0.005704
906 475000 0.005745
905 475000 0.005761
904 475000 0.005721
903 475000 0.005717
902 475000 0.007304
901 475000 0.006105
900 475000 0.005826
899 475000 0.005699
898 475000 0.005726
897 475000 0.005792
896 475000 0.005707
895 475000 0.006105
894 475000 0.007451
893 475000 0.005842
892 475000 0.005757
891 475000 0.005718
890 475000 0.005736
889 475000 0.005779
888 475000 0.005692
887 475000 0.007277
886 475000 0.006071
885 475000 0.0058
884 475000 0.005746
883 475000 0.005709
882 475000 0.005721
881 475000 0.005681
880 475000 0.00614
879 475000 0.007377
878 475000 0.005805
877 475000 0.005719
876 475000 0.00567
875 475000 0.005753
874 475000 0.005676
873 475000 0.00567
872 475000 0.0073
871 475000 0.006185
870 475000 0.005761
869 475000 0.00566
868 475000 0.00567
867 475000 0.005714
866 475000 0.005658
865 475000 0.00594
864 475000 0.007591
863 475000 0.005812
862 475000 0.005807
861 475000 0.005782
860 475000 0.005748
859 475000 0.005751
858 475000 0.005694
857 475000 0.007282
856 475000 0.006101
855 475000 0.005757
854 475000 0.00568
853 475000 0.005725
852 475000 0.005682
851 475000 0.005676
850 475000 0.005959
849 475000 0.007587
848 475000 0.005764
847 475000 0.005731
846 475000 0.005654
845 475000 0.005708
844 475000 0.005654
843 475000 0.005641
842 475000 0.007241
841 475000 0.006227
840 475000 0.00572
839 475000 0.005677
838 475000 0.005645
837 475000 0.005719
836 475000 0.005705
835 475000 0.005964
834 475000 0.007477
833 475000 0.005747
832 475000 0.005665
831 475000 0.005698
830 475000 0.005653
829 475000 0.005641
828 475000 0.00566
827 475000 0.007259
826 475000 0.0062
825 475000 0.005792
824 475000 0.005674
823 475000 0.005695
822 475000 0.0057
821 475000 0.005653
820 475000 0.005973
819 475000 0.007459
818 475000 0.005728
817 475000 0.005683
816 475000 0.005617
815 475000 0.005636
814 475000 0.005654
813 475000 0.005614
812 475000 0.007231
811 475000 0.006144
810 475000 0.005683
809 475000 0.005619
808 475000 0.005614
807 475000 0.005612
806 475000 0.005582
805 475000 0.005843
804 475000 0.007616
803 475000 0.005695
802 475000 0.005636
801 475000 0.005615
800 475000 0.005727
799 475000 0.005621
798 475000 0.00561
797 475000 0.006932
796 475000 0.006419
795 475000 0.005714
794 475000 0.005591
793 475000 0.005572
792 475000 0.005619
791 475000 0.005598
790 475000 0.005829
789 475000 0.007528
788 475000 0.005691
787 475000 0.005629
786 475000 0.005659
785 475000 0.005634
784 475000 0.005604
783 475000 0.005604
782 475000 0.006892
781 475000 0.006414
780 475000 0.00571
779 475000 0.005604
778 475000 0.005623
777 475000 0.005624
776 475000 0.005588
775 475000 0.005829
774 475000 0.007486
773 475000 0.005619
772 475000 0.005625
771 475000 0.005591
770 475000 0.005608
769 475000 0.005617
768 475000 0.005603
767 475000 0.006934
766 475000 0.006381
765 475000 0.00565
764 475000 0.005619
763 475000 0.005601
762 475000 0.005574
761 475000 0.005584
760 475000 0.005833
759 475000 0.00749
758 475000 0.005701
757 475000 0.00566
756 475000 0.005581
755 475000 0.005649
754 475000 0.005589
753 475000 0.00557
752 475000 0.006989
751 475000 0.00639
750 475000 0.005642
749 475000 0.005581
748 475000 0.005533
747 475000 0.005617
746 475000 0.005566
745 475000 0.005705
744 475000 0.007629
743 475000 0.005629
742 475000 0.005625
741 475000 0.005642
740 475000 0.005575
739 475000 0.005547
738 475000 0.00556
737 475000 0.006933
736 475000 0.006482
735 475000 0.0059
734 475000 0.00564
733 475000 0.005608
732 475000 0.005536
731 475000 0.005533
730 475000 0.005786
729 475000 0.007459
728 475000 0.005661
727 475000 0.005597
726 475000 0.00555
725 475000 0.005555
724 475000 0.005585
723 475000 0.005522
722 475000 0.006918
721 475000 0.006352
720 475000 0.005632
719 475000 0.005541
718 475000 0.005584
717 475000 0.005549
716 475000 0.005524
715 475000 0.005715
714 475000 0.007541
713 475000 0.005596
712 475000 0.005587
711 475000 0.005526
710 475000 0.005581
709 475000 0.005537
708 475000 0.005503
707 475000 0.005481
706 475000 0.007025
705 475000 0.006031
704 475000 0.005668
703 475000 0.005521
702 475000 0.005561
701 475000 0.00558
700 475000 0.005498
699 475000 0.005505
698 475000 0.007519
697 475000 0.005832
696 475000 0.005591
695 475000 0.005531
694 475000 0.005488
693 475000 0.005547
692 475000 0.005494
691 475000 0.005518
690 475000 0.006978
689 475000 0.006006
688 475000 0.005578
687 475000 0.005561
686 475000 0.0055
685 475000 0.005531
684 475000 0.005525
683 475000 0.005496
682 475000 0.00753
681 475000 0.005826
680 475000 0.005552
679 475000 0.005503
678 475000 0.005543
677 475000 0.005504
676 475000 0.00548
675 475000 0.005522
674 475000 0.00708
673 475000 0.006343
672 475000 0.005816
671 475000 0.005525
670 475000 0.005664
669 475000 0.005508
668 475000 0.005481
667 475000 0.005697
666 475000 0.007511
665 475000 0.005533
664 475000 0.005559
663 475000 0.005463
662 475000 0.005474
661 475000 0.005563
660 475000 0.005481
659 475000 0.006554
658 475000 0.006615
657 475000 0.005538
656 475000 0.005487
655 475000 0.005476
654 475000 0.005476
653 475000 0.005484
652 475000 0.005504
651 475000 0.00701
650 475000 0.006102
649 475000 0.005562
648 475000 0.005471
647 475000 0.005507
646 475000 0.005484
645 475000 0.005461
644 475000 0.00551
643 475000 0.007433
642 475000 0.005823
641 475000 0.005548
640 475000 0.005452
639 475000 0.005464
638 475000 0.00549
637 475000 0.005436
636 475000 0.005432
635 475000 0.007007
634 475000 0.006058
633 475000 0.005542
632 475000 0.00549
631 475000 0.005489
630 475000 0.005495
629 475000 0.005462
628 475000 0.005476
627 475000 0.007416
626 475000 0.005867
625 475000 0.005538
624 475000 0.005526
623 475000 0.005496
622 475000 0.005445
621 475000 0.005435
620 475000 0.00545
619 475000 0.007024
618 475000 0.006052
617 475000 0.005501
616 475000 0.005439
615 475000 0.00546
614 475000 0.005497
613 475000 0.005407
612 475000 0.005467
611 475000 0.006923
610 475000 0.006034
609 475000 0.005526
608 475000 0.005443
607 475000 0.005432
606 475000 0.005499
605 475000 0.005439
604 475000 0.005426
603 475000 0.006961
602 475000 0.005955
601 475000 0.005483
600 475000 0.005404
599 475000 0.005409
598 475000 0.005466
597 475000 0.005428
596 475000 0.005431
595 475000 0.006966
594 475000 0.006037
593 475000 0.005472
592 475000 0.005437
591 475000 0.005443
590 475000 0.005452
589 475000 0.005422
588 475000 0.005421
587 475000 0.006892
586 475000 0.006124
585 475000 0.0055
584 475000 0.005434
583 475000 0.005477
582 475000 0.005442
581 475000 0.005456
580 475000 0.005496
579 475000 0.006876
578 475000 0.005999
577 475000 0.005517
576 475000 0.005394
575 475000 0.005412
574 475000 0.005481
573 475000 0.005388
572 475000 0.005394
571 475000 0.006954
570 475000 0.006143
569 475000 0.005497
568 475000 0.00543
567 475000 0.005391
566 475000 0.005436
565 475000 0.005445
564 475000 0.005408
563 475000 0.006836
562 475000 0.00596
561 475000 0.005481
560 475000 0.005458
559 475000 0.005418
558 475000 0.005424
557 475000 0.005366
556 475000 0.005395
555 475000 0.006919
554 475000 0.005934
553 475000 0.005466
552 475000 0.005374
551 475000 0.005447
550 475000 0.00539
549 475000 0.005379
548 475000 0.005401
547 475000 0.006893
546 475000 0.005937
545 475000 0.0056
544 475000 0.005721
543 475000 0.005695
542 475000 0.005524
541 475000 0.005383
540 475000 0.005343
539 475000 0.007257
538 475000 0.005692
537 475000 0.005435
536 475000 0.005428
535 475000 0.005349
534 475000 0.0054
533 475000 0.005373
532 475000 0.005332
531 475000 0.006959
530 475000 0.006085
529 475000 0.005433
528 475000 0.005379
527 475000 0.005355
526 475000 0.005364
525 475000 0.005343
524 475000 0.005341
523 475000 0.006873
522 475000 0.005996
521 475000 0.005387
520 475000 0.005378
519 475000 0.005432
518 475000 0.005366
517 475000 0.005354
516 475000 0.005332
515 475000 0.006886
514 475000 0.005974
513 475000 0.005467
512 475000 0.005332
511 475000 0.005353
510 475000 0.005438
509 475000 0.005385
508 475000 0.005312
507 475000 0.006873
506 475000 0.005922
505 475000 0.005405
504 475000 0.00533
503 475000 0.005324
502 475000 0.005333
501 475000 0.005377
500 475000 0.00532
499 475000 0.006887
498 475000 0.00606
497 475000 0.005418
496 475000 0.005299
495 475000 0.005352
494 475000 0.005302
493 475000 0.005295
492 475000 0.005315
491 475000 0.006843
490 475000 0.005984
489 475000 0.005409
488 475000 0.005292
487 475000 0.005295
486 475000 0.00549
485 475000 0.005658
484 475000 0.005654
483 475000 0.006832
482 475000 0.005892
481 475000 0.00542
480 475000 0.005367
479 475000 0.00528
478 475000 0.005328
477 475000 0.005313
476 475000 0.00528
475 475000 0.006488
474 475000 0.005953
473 475000 0.005384
472 475000 0.005296
471 475000 0.005286
470 475000 0.005257
469 475000 0.005254
468 475000 0.00528
467 475000 0.00655
466 475000 0.005971
465 475000 0.005376
464 475000 0.005263
463 475000 0.005305
462 475000 0.005296
461 475000 0.005239
460 475000 0.005261
459 475000 0.006556
458 475000 0.005998
457 475000 0.005343
456 475000 0.005327
455 475000 0.005289
454 475000 0.005329
453 475000 0.005356
452 475000 0.005261
451 475000 0.006472
450 475000 0.006026
449 475000 0.005381
448 475000 0.005313
447 475000 0.00532
446 475000 0.005295
445 475000 0.005244
444 475000 0.005331
443 475000 0.006564
442 475000 0.005949
441 475000 0.005389
440 475000 0.005253
439 475000 0.005283
438 475000 0.005305
437 475000 0.005249
436 475000 0.005242
435 475000 0.006553
434 475000 0.005958
433 475000 0.005311
432 475000 0.005303
431 475000 0.005228
430 475000 0.005269
429 475000 0.005271
428 475000 0.005241
427 475000 0.006522
426 475000 0.005993
425 475000 0.005321
424 475000 0.00526
423 475000 0.005234
422 475000 0.005255
421 475000 0.005241
420 475000 0.005233
419 475000 0.006493
418 475000 0.00594
417 475000 0.005311
416 475000 0.00521
415 475000 0.00525
414 475000 0.005241
413 475000 0.005185
412 475000 0.005209
411 475000 0.006505
410 475000 0.006041
409 475000 0.005346
408 475000 0.005267
407 475000 0.005554
406 475000 0.005618
405 475000 0.005357
404 475000 0.005289
403 475000 0.006851
402 475000 0.005986
401 475000 0.005272
400 475000 0.005245
399 475000 0.005216
398 475000 0.00521
397 475000 0.005176
396 475000 0.005224
395 475000 0.006468
394 475000 0.006452
393 475000 0.005287
392 475000 0.005244
391 475000 0.005258
390 475000 0.005227
389 475000 0.005216
388 475000 0.005223
387 475000 0.006474
386 475000 0.005996
385 475000 0.005596
384 475000 0.005453
383 475000 0.005232
382 475000 0.005284
381 475000 0.0052
380 475000 0.005159
379 475000 0.006423
378 475000 0.005961
377 475000 0.005268
376 475000 0.005241
375 475000 0.005203
374 475000 0.00519
373 475000 0.005194
372 475000 0.00521
371 475000 0.006471
370 475000 0.006057
369 475000 0.005279
368 475000 0.005174
367 475000 0.005175
366 475000 0.005185
365 475000 0.005111
364 475000 0.005152
363 475000 0.006099
362 475000 0.006268
361 475000 0.005238
360 475000 0.005184
359 475000 0.005144
358 475000 0.005123
357 475000 0.005209
356 475000 0.005158
355 475000 0.00606
354 475000 0.006355
353 475000 0.005212
352 475000 0.005171
351 475000 0.00524
350 475000 0.005138
349 475000 0.005189
348 475000 0.005155
347 475000 0.005672
346 475000 0.006606
345 475000 0.005248
344 475000 0.005203
343 475000 0.005137
342 475000 0.005178
341 475000 0.005157
340 475000 0.005143
339 475000 0.005109
338 475000 0.006911
337 475000 0.005453
336 475000 0.005216
335 475000 0.005123
334 475000 0.005112
333 475000 0.005164
332 475000 0.005136
331 475000 0.00513
330 475000 0.006069
329 475000 0.006437
328 475000 0.005202
327 475000 0.005111
326 475000 0.005135
325 475000 0.005114
324 475000 0.005118
323 475000 0.005157
322 475000 0.005575
321 475000 0.006578
320 475000 0.005232
319 475000 0.005172
318 475000 0.005144
317 475000 0.00513
316 475000 0.005086
315 475000 0.005058
314 475000 0.005138
313 475000 0.006796
312 475000 0.00548
311 475000 0.005242
310 475000 0.00514
309 475000 0.005076
308 475000 0.005161
307 475000 0.00506
306 475000 0.005083
305 475000 0.005978
304 475000 0.006445
303 475000 0.005215
302 475000 0.005105
301 475000 0.005072
300 475000 0.00507
299 475000 0.005135
298 475000 0.005111
297 475000 0.005535
296 475000 0.006667
295 475000 0.005176
294 475000 0.00513
293 475000 0.005095
292 475000 0.005043
291 475000 0.005084
290 475000 0.005052
289 475000 0.005094
288 475000 0.006811
287 475000 0.005622
286 475000 0.005148
285 475000 0.005091
284 475000 0.005039
283 475000 0.005112
282 475000 0.005061
281 475000 0.005052
280 475000 0.006032
279 475000 0.00641
278 475000 0.005192
277 475000 0.005138
276 475000 0.005059
275 475000 0.005066
274 475000 0.005149
273 475000 0.005065
272 475000 0.005459
271 475000 0.006742
270 475000 0.005285
269 475000 0.005159
268 475000 0.005097
267 475000 0.005077
266 475000 0.005118
265 475000 0.005094
264 475000 0.005141
263 475000 0.006823
262 475000 0.005618
261 475000 0.005248
260 475000 0.00511
259 475000 0.005156
258 475000 0.005167
257 475000 0.005111
256 475000 0.005078
255 475000 0.006015
254 475000 0.006265
253 475000 0.005188
252 475000 0.005083
251 475000 0.005067
250 475000 0.005066
249 475000 0.005153
248 475000 0.005059
247 475000 0.005555
246 475000 0.006621
245 475000 0.005182
244 475000 0.005142
243 475000 0.005083
242 475000 0.005039
241 475000 0.005069
240 475000 0.005081
239 475000 0.005064
238 475000 0.006803
237 475000 0.005677
236 475000 0.005171
235 475000 0.00505
234 475000 0.005053
233 475000 0.005147
232 475000 0.005048
231 475000 0.005029
230 475000 0.005997
229 475000 0.006318
228 475000 0.005187
227 475000 0.005093
226 475000 0.005039
225 475000 0.005018
224 475000 0.0051
223 475000 0.005003
222 475000 0.005034
221 475000 0.006718
220 475000 0.005417
219 475000 0.005168
218 475000 0.005114
217 475000 0.005064
216 475000 0.00505
215 475000 0.005088
214 475000 0.005017
213 475000 0.005519
212 475000 0.006517
211 475000 0.005093
210 475000 0.005115
209 475000 0.005074
208 475000 0.005056
207 475000 0.005005
206 475000 0.004999
205 475000 0.005038
204 475000 0.006728
203 475000 0.005588
202 475000 0.005147
201 475000 0.005031
200 475000 0.00501
199 475000 0.005084
198 475000 0.005013
197 475000 0.005037
196 475000 0.005562
195 475000 0.006479
194 475000 0.00506
193 475000 0.005063
192 475000 0.005011
191 475000 0.00503
190 475000 0.005066
189 475000 0.005004
188 475000 0.005008
187 475000 0.006697
186 475000 0.005582
185 475000 0.005122
184 475000 0.005038
183 475000 0.005035
182 475000 0.005013
181 475000 0.005005
180 475000 0.005018
179 475000 0.00545
178 475000 0.006562
177 475000 0.005096
176 475000 0.005041
175 475000 0.004995
174 475000 0.005046
173 475000 0.005024
172 475000 0.004991
171 475000 0.005005
170 475000 0.006427
169 475000 0.005627
168 475000 0.00509
167 475000 0.005005
166 475000 0.004988
165 475000 0.005026
164 475000 0.005014
163 475000 0.005004
162 475000 0.005427
161 475000 0.006408
160 475000 0.005018
159 475000 0.005001
158 475000 0.005003
157 475000 0.004959
156 475000 0.004991
155 475000 0.005004
154 475000 0.004959
153 475000 0.006398
152 475000 0.005706
151 475000 0.005063
150 475000 0.005001
149 475000 0.005007
148 475000 0.004992
147 475000 0.004933
146 475000 0.004969
145 475000 0.005449
144 475000 0.006409
143 475000 0.005066
142 475000 0.005031
141 475000 0.00493
140 475000 0.004959
139 475000 0.004997
138 475000 0.004894
137 475000 0.004938
136 475000 0.00643
135 475000 0.00565
134 475000 0.005069
133 475000 0.004941
132 475000 0.00496
131 475000 0.004911
130 475000 0.004949
129 475000 0.004935
128 475000 0.005366
127 475000 0.006483
126 475000 0.005237
125 475000 0.005252
124 475000 0.005163
123 475000 0.004964
122 475000 0.005161
121 475000 0.004925
120 475000 0.004954
119 475000 0.006269
118 475000 0.005525
117 475000 0.005029
116 475000 0.004945
115 475000 0.004936
114 475000 0.004954
113 475000 0.004936
112 475000 0.004926
111 475000 0.005202
110 475000 0.006536
109 475000 0.005038
108 475000 0.004967
107 475000 0.004952
106 475000 0.004969
105 475000 0.004973
104 475000 0.004974
103 475000 0.004877
102 475000 0.006123
101 475000 0.005744
100 475000 0.005055
99 475000 0.004925
98 475000 0.004945
97 475000 0.004917
96 475000 0.00496
95 475000 0.004906
94 475000 0.005243
93 475000 0.006606
92 475000 0.005113
91 475000 0.004997
90 475000 0.004907
89 475000 0.004913
88 475000 0.004997
87 475000 0.004929
86 475000 0.004877
85 475000 0.006094
84 475000 0.005725
83 475000 0.005047
82 475000 0.004958
81 475000 0.004915
80 475000 0.004935
79 475000 0.004937
78 475000 0.004916
77 475000 0.004928
76 475000 0.00658
75 475000 0.00521
74 475000 0.005039
73 475000 0.004932
72 475000 0.004938
71 475000 0.004932
70 475000 0.004891
69 475000 0.004844
68 475000 0.004891
67 475000 0.006585
66 475000 0.005236
65 475000 0.005086
64 475000 0.004942
63 475000 0.0049
62 475000 0.00489
61 475000 0.004851
60 475000 0.004872
59 475000 0.00488
58 475000 0.00653
57 475000 0.005264
56 475000 0.004997
55 475000 0.004881
54 475000 0.004937
53 475000 0.004931
52 475000 0.00488
51 475000 0.004843
50 475000 0.004872
49 475000 0.006586
48 475000 0.005283
47 475000 0.005035
46 475000 0.004904
45 475000 0.004851
44 475000 0.004892
43 475000 0.004895
42 475000 0.004821
41 475000 0.004868
40 475000 0.006545
39 475000 0.005286
38 475000 0.004958
37 475000 0.004929
36 475000 0.00492
35 475000 0.004896
34 475000 0.004892
33 475000 0.004895
32 475000 0.004911
31 475000 0.006528
30 475000 0.005247
29 475000 0.00491
28 475000 0.004841
27 475000 0.004892
26 475000 0.004907
25 475000 0.004881
24 475000 0.004787
23 475000 0.00483
22 475000 0.006535
21 475000 0.005293
20 475000 0.004949
19 626660 0.006461
18 798320 0.008377
17 1344923 0.014443
16 63433405 0.658622
15 2581616645 27.7123