k nbComp temps
999 475000 0.004998
998 475000 0.004803
997 475000 0.004788
996 475000 0.00481
995 475000 0.004849
994 475000 0.004996
993 475000 0.004883
992 475000 0.004835
991 475000 0.004817
990 475000 0.004802
989 475000 0.004828
988 475000 0.004805
987 475000 0.004841
986 475000 0.00509
985 475000 0.005281
984 475000 0.004872
983 475000 0.004863
982 475000 0.004826
981 475000 0.004823
980 475000 0.004814
979 475000 0.004804
978 475000 0.004815
977 475000 0.005174
976 475000 0.005263
975 475000 0.004895
974 475000 0.004838
973 475000 0.004869
972 475000 0.00499
971 475000 0.005097
970 475000 0.005122
969 475000 0.005106
968 475000 0.005365
967 475000 0.00526
966 475000 0.0049
965 475000 0.005006
964 475000 0.004971
963 475000 0.004862
962 475000 0.004911
961 475000 0.004947
960 475000 0.005118
959 475000 0.005351
958 475000 0.005166
957 475000 0.005087
956 475000 0.004911
955 475000 0.005112
954 475000 0.004902
953 475000 0.004882
952 475000 0.005076
951 475000 0.005204
950 475000 0.005393
949 475000 0.005046
948 475000 0.005078
947 475000 0.005017
946 475000 0.004967
945 475000 0.004843
944 475000 0.004958
943 475000 0.004881
942 475000 0.005355
941 475000 0.005306
940 475000 0.004923
939 475000 0.005112
938 475000 0.004851
937 475000 0.004959
936 475000 0.004963
935 475000 0.004818
934 475000 0.005071
933 475000 0.005291
932 475000 0.00497
931 475000 0.004943
930 475000 0.004814
929 475000 0.005004
928 475000 0.005078
927 475000 0.005097
926 475000 0.005075
925 475000 0.005214
924 475000 0.005215
923 475000 0.004885
922 475000 0.004813
921 475000 0.005079
920 475000 0.004874
919 475000 0.004836
918 475000 0.00486
917 475000 0.004848
916 475000 0.005293
915 475000 0.00531
914 475000 0.004889
913 475000 0.004882
912 475000 0.004842
911 475000 0.004853
910 475000 0.004852
909 475000 0.004841
908 475000 0.004842
907 475000 0.004929
906 475000 0.0048
905 475000 0.00489
904 475000 0.00486
903 475000 0.004846
902 475000 0.004874
901 475000 0.004794
900 475000 0.004814
899 475000 0.004799
898 475000 0.004807
897 475000 0.004861
896 475000 0.00483
895 475000 0.00481
894 475000 0.004848
893 475000 0.004832
892 475000 0.004826
891 475000 0.004838
890 475000 0.004831
889 475000 0.004849
888 475000 0.004836
887 475000 0.004798
886 475000 0.004828
885 475000 0.004845
884 475000 0.004811
883 475000 0.004806
882 475000 0.004815
881 475000 0.004791
880 475000 0.004835
879 475000 0.004846
878 475000 0.00481
877 475000 0.004843
876 475000 0.004815
875 475000 0.004803
874 475000 0.004872
873 475000 0.004803
872 475000 0.004843
871 475000 0.004816
870 475000 0.00479
869 475000 0.004793
868 475000 0.004805
867 475000 0.00485
866 475000 0.004858
865 475000 0.004838
864 475000 0.004819
863 475000 0.004849
862 475000 0.004847
861 475000 0.005352
860 475000 0.005408
859 475000 0.00509
858 475000 0.004896
857 475000 0.004822
856 475000 0.004833
855 475000 0.004825
854 475000 0.004864
853 475000 0.004961
852 475000 0.004818
851 475000 0.004933
850 475000 0.005172
849 475000 0.005259
848 475000 0.004881
847 475000 0.004833
846 475000 0.00484
845 475000 0.004828
844 475000 0.00484
843 475000 0.004862
842 475000 0.005027
841 475000 0.005305
840 475000 0.005032
839 475000 0.004862
838 475000 0.004821
837 475000 0.004853
836 475000 0.004872
835 475000 0.004913
834 475000 0.005097
833 475000 0.005218
832 475000 0.005451
831 475000 0.004884
830 475000 0.00513
829 475000 0.004858
828 475000 0.004782
827 475000 0.004906
826 475000 0.004842
825 475000 0.004822
824 475000 0.005544
823 475000 0.005873
822 475000 0.004911
821 475000 0.004892
820 475000 0.004826
819 475000 0.004898
818 475000 0.00489
817 475000 0.004853
816 475000 0.004845
815 475000 0.00479
814 475000 0.006458
813 475000 0.005366
812 475000 0.004898
811 475000 0.004882
810 475000 0.004853
809 475000 0.004844
808 475000 0.004855
807 475000 0.004806
806 475000 0.004834
805 475000 0.005922
804 475000 0.006037
803 475000 0.005028
802 475000 0.004893
801 475000 0.004848
800 475000 0.005236
799 475000 0.004948
798 475000 0.004803
797 475000 0.005466
796 475000 0.006264
795 475000 0.005096
794 475000 0.005243
793 475000 0.004902
792 475000 0.004854
791 475000 0.00488
790 475000 0.005239
789 475000 0.004871
788 475000 0.0059
787 475000 0.005793
786 475000 0.004879
785 475000 0.004988
784 475000 0.004886
783 475000 0.004835
782 475000 0.004814
781 475000 0.004811
780 475000 0.004833
779 475000 0.005121
778 475000 0.006748
777 475000 0.005408
776 475000 0.004957
775 475000 0.004821
774 475000 0.004856
773 475000 0.004826
772 475000 0.005539
771 475000 0.004857
770 475000 0.005215
769 475000 0.00608
768 475000 0.005085
767 475000 0.004835
766 475000 0.00483
765 475000 0.004805
764 475000 0.004888
763 475000 0.004847
762 475000 0.004807
761 475000 0.005515
760 475000 0.005789
759 475000 0.004866
758 475000 0.00486
757 475000 0.004839
756 475000 0.004892
755 475000 0.004872
754 475000 0.00489
753 475000 0.004811
752 475000 0.005929
751 475000 0.005518
750 475000 0.004899
749 475000 0.004842
748 475000 0.004886
747 475000 0.004851
746 475000 0.004903
745 475000 0.004793
744 475000 0.004853
743 475000 0.006157
742 475000 0.005298
741 475000 0.004953
740 475000 0.004845
739 475000 0.004865
738 475000 0.004885
737 475000 0.004859
736 475000 0.004849
735 475000 0.004897
734 475000 0.006664
733 475000 0.00549
732 475000 0.005371
731 475000 0.004965
730 475000 0.004937
729 475000 0.004917
728 475000 0.005265
727 475000 0.004871
726 475000 0.005151
725 475000 0.00616
724 475000 0.00552
723 475000 0.004867
722 475000 0.004909
721 475000 0.004849
720 475000 0.005213
719 475000 0.005231
718 475000 0.004842
717 475000 0.005892
716 475000 0.005918
715 475000 0.004855
714 475000 0.004912
713 475000 0.004965
712 475000 0.00483
711 475000 0.005223
710 475000 0.005322
709 475000 0.005162
708 475000 0.006107
707 475000 0.005236
706 475000 0.004829
705 475000 0.004786
704 475000 0.004842
703 475000 0.004841
702 475000 0.0048
701 475000 0.005602
700 475000 0.005972
699 475000 0.005579
698 475000 0.004857
697 475000 0.004848
696 475000 0.004926
695 475000 0.00488
694 475000 0.004811
693 475000 0.004854
692 475000 0.004824
691 475000 0.006318
690 475000 0.005324
689 475000 0.004884
688 475000 0.004824
687 475000 0.004823
686 475000 0.004824
685 475000 0.004827
684 475000 0.004846
683 475000 0.004819
682 475000 0.006325
681 475000 0.005349
680 475000 0.004876
679 475000 0.004853
678 475000 0.004811
677 475000 0.00485
676 475000 0.004803
675 475000 0.004833
674 475000 0.004788
673 475000 0.006358
672 475000 0.005434
671 475000 0.004881
670 475000 0.00482
669 475000 0.004834
668 475000 0.004823
667 475000 0.004852
666 475000 0.004812
665 475000 0.004786
664 475000 0.006405
663 475000 0.005363
662 475000 0.004882
661 475000 0.004835
660 475000 0.004859
659 475000 0.004865
658 475000 0.00479
657 475000 0.004802
656 475000 0.004785
655 475000 0.006369
654 475000 0.005518
653 475000 0.004923
652 475000 0.004798
651 475000 0.004833
650 475000 0.004842
649 475000 0.004815
648 475000 0.004797
647 475000 0.004779
646 475000 0.006347
645 475000 0.005366
644 475000 0.00489
643 475000 0.00483
642 475000 0.00483
641 475000 0.004813
640 475000 0.004793
639 475000 0.004852
638 475000 0.004788
637 475000 0.006369
636 475000 0.005373
635 475000 0.004953
634 475000 0.00483
633 475000 0.0048
632 475000 0.004813
631 475000 0.004793
630 475000 0.004802
629 475000 0.004784
628 475000 0.006362
627 475000 0.005412
626 475000 0.00487
625 475000 0.004816
624 475000 0.004812
623 475000 0.004814
622 475000 0.004784
621 475000 0.004792
620 475000 0.004804
619 475000 0.00635
618 475000 0.005429
617 475000 0.00491
616 475000 0.004826
615 475000 0.00479
614 475000 0.004822
613 475000 0.004812
612 475000 0.004793
611 475000 0.004795
610 475000 0.006353
609 475000 0.005418
608 475000 0.004917
607 475000 0.004796
606 475000 0.004783
605 475000 0.004806
604 475000 0.005091
603 475000 0.004992
602 475000 0.004808
601 475000 0.006318
600 475000 0.005262
599 475000 0.004895
598 475000 0.004835
597 475000 0.004801
596 475000 0.004814
595 475000 0.004825
594 475000 0.004779
593 475000 0.004804
592 475000 0.006086
591 475000 0.005386
590 475000 0.004918
589 475000 0.004814
588 475000 0.004809
587 475000 0.004794
586 475000 0.004825
585 475000 0.004794
584 475000 0.004791
583 475000 0.00635
582 475000 0.006208
581 475000 0.005289
580 475000 0.004847
579 475000 0.004817
578 475000 0.004994
577 475000 0.004801
576 475000 0.004819
575 475000 0.005211
574 475000 0.005982
573 475000 0.004973
572 475000 0.004873
571 475000 0.005087
570 475000 0.005089
569 475000 0.005096
568 475000 0.005089
567 475000 0.005083
566 475000 0.006484
565 475000 0.005472
564 475000 0.00514
563 475000 0.004824
562 475000 0.004858
561 475000 0.004856
560 475000 0.004845
559 475000 0.00491
558 475000 0.004791
557 475000 0.006226
556 475000 0.005292
555 475000 0.00486
554 475000 0.004812
553 475000 0.004876
552 475000 0.004845
551 475000 0.004868
550 475000 0.005003
549 475000 0.004798
548 475000 0.006358
547 475000 0.005297
546 475000 0.00482
545 475000 0.004866
544 475000 0.005074
543 475000 0.005173
542 475000 0.004871
541 475000 0.004843
540 475000 0.004889
539 475000 0.006812
538 475000 0.005662
537 475000 0.005154
536 475000 0.004916
535 475000 0.004835
534 475000 0.004946
533 475000 0.004826
532 475000 0.00489
531 475000 0.004803
530 475000 0.00533
529 475000 0.005113
528 475000 0.00488
527 475000 0.004835
526 475000 0.004836
525 475000 0.004857
524 475000 0.004798
523 475000 0.004815
522 475000 0.00481
521 475000 0.005232
520 475000 0.005338
519 475000 0.004915
518 475000 0.00482
517 475000 0.004855
516 475000 0.004843
515 475000 0.004843
514 475000 0.004805
513 475000 0.004794
512 475000 0.005326
511 475000 0.005273
510 475000 0.00491
509 475000 0.004803
508 475000 0.004849
507 475000 0.004842
506 475000 0.00482
505 475000 0.004839
504 475000 0.004799
503 475000 0.005331
502 475000 0.005443
501 475000 0.004876
500 475000 0.004869
499 475000 0.004857
498 475000 0.00486
497 475000 0.004841
496 475000 0.004808
495 475000 0.00484
494 475000 0.005118
493 475000 0.00535
492 475000 0.005117
491 475000 0.005112
490 475000 0.004858
489 475000 0.004839
488 475000 0.004947
487 475000 0.004862
486 475000 0.004854
485 475000 0.0053
484 475000 0.005371
483 475000 0.004867
482 475000 0.00495
481 475000 0.004847
480 475000 0.004906
479 475000 0.004898
478 475000 0.004828
477 475000 0.005047
476 475000 0.005223
475 475000 0.005376
474 475000 0.005072
473 475000 0.004884
472 475000 0.004853
471 475000 0.004807
470 475000 0.004914
469 475000 0.004847
468 475000 0.004863
467 475000 0.004913
466 475000 0.00536
465 475000 0.005357
464 475000 0.004852
463 475000 0.004867
462 475000 0.00487
461 475000 0.004835
460 475000 0.004912
459 475000 0.004924
458 475000 0.004876
457 475000 0.005203
456 475000 0.005407
455 475000 0.004858
454 475000 0.004843
453 475000 0.00486
452 475000 0.004847
451 475000 0.004826
450 475000 0.004857
449 475000 0.004832
448 475000 0.004896
447 475000 0.004963
446 475000 0.005417
445 475000 0.00519
444 475000 0.004926
443 475000 0.004833
442 475000 0.004838
441 475000 0.004846
440 475000 0.004834
439 475000 0.004865
438 475000 0.005088
437 475000 0.005289
436 475000 0.004861
435 475000 0.004849
434 475000 0.004836
433 475000 0.004857
432 475000 0.004878
431 475000 0.004894
430 475000 0.004849
429 475000 0.005205
428 475000 0.005343
427 475000 0.004891
426 475000 0.004836
425 475000 0.004841
424 475000 0.004827
423 475000 0.004864
422 475000 0.004866
421 475000 0.004893
420 475000 0.005306
419 475000 0.005173
418 475000 0.00488
417 475000 0.004862
416 475000 0.004828
415 475000 0.00484
414 475000 0.004838
413 475000 0.004853
412 475000 0.004846
411 475000 0.005316
410 475000 0.005302
409 475000 0.004875
408 475000 0.004882
407 475000 0.004828
406 475000 0.004819
405 475000 0.004837
404 475000 0.004868
403 475000 0.004834
402 475000 0.004881
401 475000 0.005156
400 475000 0.005321
399 475000 0.005026
398 475000 0.00493
397 475000 0.004885
396 475000 0.004836
395 475000 0.004816
394 475000 0.004866
393 475000 0.004837
392 475000 0.004884
391 475000 0.005125
390 475000 0.005331
389 475000 0.004885
388 475000 0.004858
387 475000 0.004816
386 475000 0.004844
385 475000 0.004814
384 475000 0.00486
383 475000 0.004832
382 475000 0.004853
381 475000 0.005053
380 475000 0.005307
379 475000 0.004886
378 475000 0.004872
377 475000 0.004851
376 475000 0.004831
375 475000 0.004814
374 475000 0.004852
373 475000 0.004849
372 475000 0.004855
371 475000 0.005034
370 475000 0.005318
369 475000 0.004901
368 475000 0.004833
367 475000 0.004857
366 475000 0.004823
365 475000 0.004835
364 475000 0.004837
363 475000 0.004841
362 475000 0.004878
361 475000 0.005008
360 475000 0.0053
359 475000 0.00502
358 475000 0.004851
357 475000 0.004876
356 475000 0.004824
355 475000 0.004851
354 475000 0.004837
353 475000 0.004833
352 475000 0.004888
351 475000 0.004865
350 475000 0.005398
349 475000 0.005148
348 475000 0.004827
347 475000 0.004914
346 475000 0.004875
345 475000 0.004856
344 475000 0.004849
343 475000 0.004821
342 475000 0.004909
341 475000 0.004862
340 475000 0.005565
339 475000 0.005279
338 475000 0.005547
337 475000 0.005155
336 475000 0.005836
335 475000 0.00607
334 475000 0.006912
333 475000 0.005625
332 475000 0.006572
331 475000 0.006663
330 475000 0.006093
329 475000 0.005059
328 475000 0.004825
327 475000 0.00489
326 475000 0.005389
325 475000 0.005822
324 475000 0.005273
323 475000 0.005032
322 475000 0.00482
321 475000 0.004818
320 475000 0.004833
319 475000 0.004822
318 475000 0.004811
317 475000 0.004794
316 475000 0.005152
315 475000 0.006881
314 475000 0.006759
313 475000 0.006156
312 475000 0.005645
311 475000 0.005312
310 475000 0.005194
309 475000 0.005088
308 475000 0.004954
307 475000 0.004854
306 475000 0.004812
305 475000 0.005534
304 475000 0.005996
303 475000 0.005051
302 475000 0.004923
301 475000 0.004809
300 475000 0.004819
299 475000 0.004834
298 475000 0.0048
297 475000 0.004809
296 475000 0.004809
295 475000 0.004808
294 475000 0.004947
293 475000 0.006017
292 475000 0.005615
291 475000 0.005144
290 475000 0.005008
289 475000 0.004835
288 475000 0.004832
287 475000 0.004859
286 475000 0.004814
285 475000 0.004854
284 475000 0.004779
283 475000 0.00482
282 475000 0.006599
281 475000 0.005424
280 475000 0.004849
279 475000 0.004794
278 475000 0.004846
277 475000 0.004814
276 475000 0.00484
275 475000 0.004795
274 475000 0.004816
273 475000 0.006472
272 475000 0.005305
271 475000 0.004875
270 475000 0.00485
269 475000 0.004819
268 475000 0.0048
267 475000 0.004825
266 475000 0.004808
265 475000 0.00481
264 475000 0.006342
263 475000 0.005382
262 475000 0.0049
261 475000 0.004813
260 475000 0.004832
259 475000 0.004858
258 475000 0.00482
257 475000 0.004806
256 475000 0.004786
255 475000 0.006362
254 475000 0.005403
253 475000 0.00486
252 475000 0.00482
251 475000 0.004818
250 475000 0.0048
249 475000 0.004791
248 475000 0.004806
247 475000 0.004795
246 475000 0.006355
245 475000 0.005449
244 475000 0.004888
243 475000 0.004816
242 475000 0.004793
241 475000 0.004806
240 475000 0.004811
239 475000 0.004989
238 475000 0.005095
237 475000 0.006623
236 475000 0.005284
235 475000 0.005112
234 475000 0.004833
233 475000 0.004997
232 475000 0.005032
231 475000 0.005093
230 475000 0.00509
229 475000 0.005565
228 475000 0.006118
227 475000 0.005181
226 475000 0.004926
225 475000 0.00509
224 475000 0.005118
223 475000 0.00509
222 475000 0.005094
221 475000 0.005077
220 475000 0.006438
219 475000 0.005309
218 475000 0.004918
217 475000 0.00486
216 475000 0.004836
215 475000 0.004879
214 475000 0.004834
213 475000 0.005005
212 475000 0.005118
211 475000 0.006448
210 475000 0.005208
209 475000 0.004921
208 475000 0.004793
207 475000 0.005009
206 475000 0.005006
205 475000 0.005093
204 475000 0.00499
203 475000 0.005106
202 475000 0.006402
201 475000 0.005347
200 475000 0.004928
199 475000 0.00509
198 475000 0.00504
197 475000 0.005036
196 475000 0.005051
195 475000 0.005091
194 475000 0.006228
193 475000 0.005353
192 475000 0.004936
191 475000 0.004836
190 475000 0.00484
189 475000 0.004853
188 475000 0.004816
187 475000 0.004965
186 475000 0.005088
185 475000 0.006547
184 475000 0.005242
183 475000 0.0049
182 475000 0.004807
181 475000 0.004965
180 475000 0.005027
179 475000 0.005047
178 475000 0.004994
177 475000 0.005088
176 475000 0.006424
175 475000 0.005164
174 475000 0.004846
173 475000 0.005041
172 475000 0.005096
171 475000 0.005091
170 475000 0.005094
169 475000 0.005083
168 475000 0.006214
167 475000 0.005396
166 475000 0.004936
165 475000 0.00481
164 475000 0.004856
163 475000 0.004826
162 475000 0.005089
161 475000 0.005113
160 475000 0.005092
159 475000 0.006517
158 475000 0.005377
157 475000 0.005355
156 475000 0.004985
155 475000 0.004971
154 475000 0.005106
153 475000 0.005095
152 475000 0.005378
151 475000 0.005875
150 475000 0.006094
149 475000 0.005106
148 475000 0.005106
147 475000 0.004892
146 475000 0.004912
145 475000 0.004864
144 475000 0.004931
143 475000 0.004856
142 475000 0.00493
141 475000 0.005327
140 475000 0.006229
139 475000 0.005224
138 475000 0.005027
137 475000 0.004873
136 475000 0.004875
135 475000 0.004923
134 475000 0.004873
133 475000 0.004823
132 475000 0.006277
131 475000 0.005118
130 475000 0.005582
129 475000 0.005102
128 475000 0.004982
127 475000 0.004836
126 475000 0.004885
125 475000 0.0051
124 475000 0.005109
123 475000 0.005111
122 475000 0.006317
121 475000 0.005619
120 475000 0.004991
119 475000 0.004928
118 475000 0.004851
117 475000 0.00485
116 475000 0.005097
115 475000 0.005099
114 475000 0.005125
113 475000 0.006354
112 475000 0.005437
111 475000 0.004969
110 475000 0.005112
109 475000 0.004942
108 475000 0.004834
107 475000 0.005067
106 475000 0.005086
105 475000 0.005552
104 475000 0.006148
103 475000 0.004869
102 475000 0.004818
101 475000 0.004919
100 475000 0.004789
99 475000 0.004814
98 475000 0.004873
97 475000 0.004795
96 475000 0.005492
95 475000 0.005738
94 475000 0.004902
93 475000 0.004825
92 475000 0.004861
91 475000 0.00486
90 475000 0.004782
89 475000 0.004794
88 475000 0.004903
87 475000 0.005852
86 475000 0.005437
85 475000 0.004975
84 475000 0.004811
83 475000 0.004806
82 475000 0.004871
81 475000 0.004821
80 475000 0.00479
79 475000 0.004884
78 475000 0.006299
77 475000 0.005357
76 475000 0.004948
75 475000 0.00489
74 475000 0.004814
73 475000 0.004783
72 475000 0.004812
71 475000 0.004831
70 475000 0.004801
69 475000 0.006318
68 475000 0.005371
67 475000 0.004864
66 475000 0.004804
65 475000 0.004782
64 475000 0.004835
63 475000 0.004802
62 475000 0.004797
61 475000 0.004819
60 475000 0.006371
59 475000 0.005404
58 475000 0.004871
57 475000 0.004815
56 475000 0.004857
55 475000 0.004805
54 475000 0.004788
53 475000 0.004794
52 475000 0.004802
51 475000 0.006394
50 475000 0.005376
49 475000 0.004899
48 475000 0.004821
47 475000 0.004819
46 475000 0.004819
45 475000 0.004798
44 475000 0.004814
43 475000 0.004787
42 475000 0.006349
41 475000 0.005446
40 475000 0.004855
39 475000 0.004801
38 475000 0.004786
37 475000 0.004808
36 475000 0.004789
35 475000 0.004798
34 475000 0.004815
33 475000 0.006369
32 475000 0.005396
31 475000 0.004907
30 475000 0.004835
29 475000 0.004791
28 475000 0.004822
27 475000 0.004781
26 475000 0.004816
25 475000 0.004794
24 475000 0.00635
23 475000 0.005433
22 475000 0.004873
21 475000 0.004837
20 475000 0.004818
19 880484 0.008968
18 944570 0.009918
17 1207109 0.014255
16 43030658 0.459812
15 930169318 9.79816 
